81.36815701437727
78.68166393793484
72.09571235513566
79.42609264621376
82.47428090717801
79.01816651071636
74.66907466478717
71.86191936926754
82.56145228803844
88.8155229013858
76.61145456432382
72.04076732308465
76.35172720570228
85.02749936864193
72.42704892849164
68.0943047700056
77.12195778984518
94.55094088465563
72.42704892849164
68.87992730949516
86.17451881720181
101.05252694017568
49.881757446624064
69.75463475017908
71.10294572465824
76.88291579349038
72.04076732308465
76.35172720570228
85.02749936864193
72.42704892849164
