89.54005456845479
97.17128728820468
81.73247350991033
76.29896368634428
84.48514234930204
89.14826170498252
73.97524241473332
103.48724762592481
103.91584896706314
98.22198339473572
84.21069335763755
85.33709550120803
111.42660240424047
80.92709309417529
84.7168932814343
77.93958246495707
77.13355062386677
78.25498235957038
72.39699028538811
78.95238676378688
77.10654821088127
85.0486207169948
72.42704892849164
68.0943047700056
77.12195778984518
94.55094088465563
72.42704892849164
68.0943047700056
77.12195778984518
94.55094088465563
