89.47549750783591
79.63833573785989
72.63669370336888
64.91660922642328
85.76687743551862
73.75883939769813
88.99976286431045
60.5002058630578
69.75463475017908
71.10294572465824
76.88291579349038
72.04076732308465
76.35172720570228
85.02749936864193
72.42704892849164
68.0943047700056
77.12195778984518
94.55094088465563
95.51444022002671
88.1551459192504
97.51677960492475
68.47141152078511
80.90799412482491
87.86908027479149
71.11099044152178
79.58123430887782
85.107104918519
72.42704892849164
68.0943047700056
77.12195778984518
