96.41500775928061
84.31502911914485
73.01503079122512
102.98729565769983
79.31480469496968
88.02986995480366
78.27677208995645
89.0468043715702
111.06372953022768
91.17299235785508
77.52921133305817
99.99311917685851
87.94221520699597
95.16640889971207
89.91112766397903
82.25422089382383
80.1666116073723
81.12459201129214
67.54230949684545
78.96945076120416
83.86271988882999
76.66486788692609
84.35794005361059
82.34082249109005
107.19165934221837
69.07000344510509
78.01799447780846
72.975868614297
80.24776203618885
93.97511050691867
