91.87785876071172
78.40849057210777
78.40580589844474
79.05193847432864
98.23529748059433
85.25554005401881
68.67680098693332
104.85623343727714
63.27515194617481
77.04477027890246
87.2097778097428
87.85315428777002
102.48349410182706
76.50816987324636
74.73712495407752
73.57906282139491
80.53613257120281
93.97511050691867
72.42704892849164
68.0943047700056
77.12195778984518
94.55094088465563
76.11115277248797
105.95129560495184
94.51119669784399
80.63095335976857
72.04076732308465
76.35172720570228
85.02749936864193
72.42704892849164
