314.54072911227894
271.5689532861972
254.36596920030547
245.800099710407
240.70104331595223
237.5002004217739
235.00878835354794
232.76873985606733
230.73805709619208
229.3536618406769
228.32005984219106
227.3843453738057
226.4067327653776
225.4650450823548
224.5463546889012
223.78132864575932
223.26738720710867
222.85400924875066
222.46404623475706
222.10759533269592
221.81776481375957
221.5349039470519
221.3378248211711
221.1602710546576
220.97421614759907
220.79181137493723
220.60697889993298
220.4407360647197
220.28196627101332
220.0866880815737
219.91638125500089
219.78046871723706
219.7063757131958
219.61351340133746
219.5589075022869
219.52873768062972
219.48403490212732
219.44928685028643
219.41811114670986
219.39979779374792
219.38950365645593
219.3832480617302
219.37602213161392
219.37026223410635
219.36324277360464
219.35931022704563
219.35640114730867
219.35279410538513
219.34886802213916
219.34576427113967
219.3432285999414
219.3395063969507
219.33659826945993
219.33317435867005
219.32996439758807
219.3273263320204
219.32553162978272
219.32479590802095
219.3244268239525
219.3240304150022
219.32318582157995
219.32245584565368
219.3217652273307
219.32046186217528
219.31932055453177
219.31622780027809
219.31412474963383
219.31316360127192
219.31190269986539
219.3115648276502
219.31140616776648
219.31135418355828
219.31134217259077
