293.00508467232015
264.49616055215546
253.52107444656636
246.51544180000155
241.76277807851466
238.45580975731673
235.76026037245407
233.4461448038222
231.40574317697343
229.5076969233689
228.00268377905286
226.87292518718746
225.78950369921935
224.76866847481006
223.9275131503047
223.20384028749044
222.48174971543352
222.00579037930999
221.65336091997582
221.36843050867094
221.18005790336113
220.99413850468068
220.7887009146331
220.55051539503262
220.2735352576703
220.07646679463355
219.8135243359717
219.61065279344555
219.4617426860074
219.34873390023313
219.23436547649735
219.1478203849915
219.0774767218058
218.99272568457806
218.95365125978722
218.92502860562567
218.90454280061263
218.88637260584932
218.87082155545096
218.8520563296166
218.8365240692638
218.81673612903623
218.7936429216924
218.77274001997048
218.7593244627796
218.74712402813927
218.713706175608
218.69419716563152
218.67200942906032
218.6404398780003
218.58622813464976
218.47254005652798
218.4455064607315
218.42076550482247
218.385461166095
218.33749652032708
218.29863833882635
218.2689471633365
218.2400837368084
218.2064048528441
218.1685578906594
218.14107228110768
218.11859574391863
218.09772266152032
218.06085065067808
218.01900184051664
217.97556790742107
217.96347284507556
217.92639273225515
217.90120639241462
217.86412681168795
217.82614855705563
217.76151351973488
217.6660344992512
217.58004944053064
217.4894904175308
217.3783541198098
217.29241369576613
217.24160009092066
217.21545283124308
217.18741835995345
217.15462304044624
217.1199737577594
217.09636483363167
217.08331464441974
217.0643654765103
217.0457086740672
217.03362939712412
217.01014670796604
216.99518422012991
216.975475967203
216.95942493802983
216.9514471893546
216.94602525581936
216.94184994484613
216.9376264784788
216.93583145947662
216.93447383201698
216.93387930599914
216.9336420500174
216.93344980086312
216.9334125584304
216.93340430601393
216.93335248031642
216.93334051487176
