331.40958931621077
278.4333570571114
257.8211228607625
246.99900653894667
240.6764645234742
236.80541142065488
233.9048316920214
231.7794158736288
230.330608776956
229.33521775075457
228.4559902729312
227.86537865358622
227.3726837026386
226.92347388208935
226.37477763865263
225.82614746411488
225.26552891827296
224.7782792094596
224.42931051342097
224.0670798558854
223.65755165533162
223.16753235297767
222.63538503662804
222.27733721973698
222.0495334609905
221.82657945018173
221.59775662014192
221.3671815676671
221.15596272450873
221.01737700559983
220.86836111877352
220.72420203903167
220.59219724711394
220.48160159852978
220.38258756397624
220.30796297959637
220.24614921288324
220.18833579547768
220.12970221401142
220.0751073344917
220.0258645002364
219.97907107387795
219.93315962728082
219.86693964155432
219.81587627217732
219.7774158614783
219.73581689113362
219.69671976263126
219.67325760639272
219.6537372341473
219.6390809958735
219.62005785260953
219.60164644272018
219.58165823583326
219.56427849409403
219.54598934577865
219.53111279963008
219.52282466644414
219.5187278316225
219.51689853343404
219.51579090157006
219.5149405758024
219.51408970447784
219.51261974412077
219.50830686273582
219.50206769423065
219.49100740661743
219.47249627925382
219.45981560673016
219.43662112204444
219.43222613058913
219.4302660029251
219.4276719760422
219.42563324271643
219.4233462051674
219.4210214641111
219.41826062888575
219.41722100035514
219.4163437800088
219.41532593075488
219.4146599852336
219.4142769568609
219.41272427726776
219.41153377622146
219.41136050923248
219.41121684480495
219.41068269571517
219.41024645162395
219.40977064548917
219.40926931394378
219.40815202203788
219.4076291167983
219.40694471575242
219.40652303802196
219.40556547466727
219.40500767317047
219.40441093496938
219.40397725070216
219.4037991213702
219.40363314317867
219.40360507294972
219.40355022581738
219.40348077839369
219.40333444874418
219.40299981694724
219.40233015252187
219.4003546443937
219.3959644953725
219.39385945964426
219.38922765524526
219.38528149786003
219.3825097264991
219.38112965451987
219.38096169002205
