326.3041444347426
279.0668622301417
261.359308766531
252.544291486539
246.84184119803464
242.7244783005047
240.08750051057103
238.13418720562942
236.54947317257037
235.17599796353977
234.08519363914462
233.17317137041172
232.3484315300264
231.634234276873
230.98089698267677
230.37467274464302
229.62964307221065
228.9576437992532
228.39166070761598
227.79455587961903
227.16661940936373
226.620933498539
226.15043022576376
225.7490664469159
225.29217641675092
224.79244939220442
224.38686591134382
224.12619750007616
223.8649241846991
223.6639818704144
223.49741498393792
223.35144514637233
223.15417684860392
222.88138848056312
222.54202890408874
222.10354273596434
221.68909587298842
221.36953955471458
221.18257526177507
221.04588738134248
220.91027443454635
220.8178425016649
220.73045827961525
220.64834901895273
220.54072351809444
220.43434726321573
220.3161968471168
220.21164793226944
220.12729812396452
220.05295594087576
219.9643607349872
219.88065653856057
219.80587627834853
219.75664375771046
219.71348361635668
219.66483493353476
219.60338224009857
219.57339290859142
219.54352130544137
219.51622392857698
219.47717335065957
219.41669254888276
219.36610007895882
219.29018270597336
219.22957954526674
219.163009065153
219.09872248470046
219.03082807743215
218.9609506773572
218.9109221055363
218.86658340529073
218.8326303988142
218.80145525391004
218.777432411282
218.75008424183346
218.695069450671
218.6504867490867
218.61454929388026
218.58582619391433
218.56626369300267
218.5507850566846
218.5346481753836
218.517354660312
218.50477811771043
218.49314898483436
218.48017837908438
218.46649545484178
218.4540972454069
218.43946652039716
218.42221098694884
218.40499288179493
218.38990422069304
218.3802090630605
218.37123192558792
218.36113828425056
218.35020345755134
218.33818680722905
218.32502909031575
218.31339380893496
218.299931060056
218.27950126320135
218.26162060724073
218.24104558711855
218.21359375623032
218.1717573630762
218.1379043083943
218.1163473022396
218.1040409068214
218.0891165384267
218.07325448610453
218.06068728835854
218.05195115364862
218.04507252389863
218.03724291618983
218.0313713275152
218.0255131494117
218.01660512771736
218.00445159571262
217.98850561181723
217.97490732259823
217.9597943345249
217.9440770061888
217.92946500553467
217.91192986960993
217.89249541762987
217.8710299234813
217.85980009330999
217.8487619394301
217.8377657919527
217.82824164123474
217.82097592759683
217.8134469393945
217.8061208804424
217.79990809013825
217.79249098892907
217.7857949923284
217.77959917518166
217.77485210216614
217.77071297066746
217.76623607830672
217.75910800884952
217.74941988957502
217.74529537492404
217.74075353406417
217.736225774457
217.7315850323724
217.7281091758379
217.72385332338118
217.7197823256909
217.71488474907852
217.7092780588187
217.70220559461504
217.69458665327207
217.68607549007814
217.67608328448318
217.67007269945046
217.66528770359503
217.66026379563874
217.65557516924693
217.65195392783212
217.6486379519088
217.64602281268597
217.6426889569335
217.64057237751354
217.63920012645838
217.63811299855615
217.6375765344476
217.63681509737478
217.63561290924167
217.63365021011512
217.63219962413385
217.63084473381042
217.6296734135394
217.62722725829315
217.62369818917054
217.62017319928265
217.61575000114135
217.6121108561996
217.60857963703023
217.60003658405768
217.59144310903352
217.58799554958256
217.58514843061786
217.58307976847863
217.58020375668414
217.57751342559695
217.57511520854342
217.5705134687483
217.5697027634393
217.56891745308104
217.56836260769086
217.56808530581117
217.56774703495253
217.5674180426184
217.56699983110408
217.56621634511777
217.565634643361
217.565185670013
217.56470062613914
217.564524871485
217.5644501100034
217.5643754802622
