300.4471854212158
268.6164119290155
255.86639162930692
247.84739640537484
241.9473644891397
237.54161937431505
234.03467664578625
231.3233843330592
229.32366056091314
227.8717994280582
226.7748995186731
225.94739964393318
225.17460491128273
224.49382028874297
223.83101529637068
223.31983845958447
222.8648637462765
222.4320940988658
221.96675059424908
221.56829672243478
221.17827702583827
220.87586069461565
220.67628177267756
220.54382633360947
220.43070847371982
220.3260946701838
220.2404599469084
220.1319461008277
220.0230956661862
219.8974380906851
219.78738411118022
219.7135397006545
219.64313821928997
219.5780638260745
219.54632379546518
219.51447683136786
219.4851548896039
219.46628551066945
219.43999124086184
219.40901287690565
219.3918192538698
219.37407875264668
219.35298378295573
219.32177218135357
219.30137760396926
219.28127522392208
219.26881039432254
219.26312043662034
219.25302884167232
219.2449872381184
219.23288918631764
219.21445823857684
219.193545306805
219.1732196411605
219.15501487875227
219.14667945373796
219.13829322850953
219.12821194803496
219.11772625906232
219.113181472612
219.110113059377
219.10248234308392
219.0822367135775
219.06328311170242
219.05359094982805
219.04195147309358
219.0303052583365
219.02798704990707
219.02281713334733
219.01911218931915
219.01462788636377
219.00824401658485
219.00360243414917
218.98985752761348
218.96026488499197
218.91192141589147
218.8624894972672
218.80038190417457
218.71394452786924
218.56530193591118
218.4268876489982
218.33622012564953
218.29934375847077
218.26821297019748
218.2527780883584
218.2428633799581
218.23611888225093
218.23069504372518
218.22847839248175
218.22449867373385
218.22167985480516
218.21738038461473
218.210844403344
218.20365621842114
218.19952904879997
218.1952467564391
218.18747258487355
218.1841635554828
218.1810549865423
218.1785145491078
218.1774379184604
218.17599143585608
218.17360120268572
218.17335156354366
218.17315487466624
218.1729221278462
218.1727038092435
218.17232120547516
218.17172685586442
218.1710557649928
218.16993752295562
218.1690295597479
218.1682105865038
218.16722879045312
218.16700089792707
218.16683411269193
218.1666590775246
218.1664237445245
218.1660786594746
218.1653040326494
218.16420332184953
218.16189792565558
218.15763141762798
218.1554312244642
218.1529095208109
218.15004619920785
218.14542598453212
218.1395720454631
218.13211379257635
218.12533827403624
218.11739284071515
218.10818776701868
218.09837051480486
218.09016540526306
218.07935912351266
218.06521055616247
218.05019595412952
218.0357582526629
218.02491599474197
218.01335702203562
217.99994367619271
217.98184265110402
217.95567150765163
217.93193585650016
217.91576742084905
217.90077581000898
217.88827353096764
217.87561374479577
217.85924582637327
217.84700061362395
217.83793234376108
217.82998483165727
217.82388846436078
217.81708962044482
217.81083386983846
217.80163187104128
217.79310718696388
217.78750682843506
217.78276328981258
217.77750438818913
217.77196359962485
217.76587175659358
217.75944422683648
217.7528708572586
217.74522186393799
217.7385713202289
217.73318174399978
217.7276675473058
217.72270328320243
217.71621945808118
217.71051558430847
217.70484123917683
217.70022520402625
217.6960077686298
217.69211786362717
217.68561210435487
217.68151749084922
217.6772245007105
217.6728286831012
217.66751604475036
217.66055500233054
217.6518323936115
217.64591405894043
217.64059052780013
217.63416137362148
217.62748648960516
217.62104902223425
217.6164853049636
217.61018299645403
217.60145806641583
217.58947797946738
217.58169518560325
217.57438146696796
217.56808097683336
217.5623684492204
217.55770107026464
217.55336811712954
217.5493034596085
217.5442291960075
217.53938348327046
217.53704674563946
217.53461478216906
217.53267805407953
217.53138000745642
217.53013726244725
217.52928532875762
217.5282904386952
217.52502194533452
217.5223949953905
217.5198486169889
217.516610201318
217.5139736427614
217.508131081384
217.49752124707786
217.49624344759272
217.49492351027283
217.49355295733528
217.49238153709186
217.4911675106938
217.4902386502577
217.48919458674376
217.48761109046674
217.48536609130784
217.48426775636293
217.48205793902764
217.48128787180283
217.4808406884709
217.4804862481659
217.48033310657604
217.48011835691534
217.47890911304773
217.47787108162882
217.47748846074356
