92.02527519689288
98.02314644221399
91.54346024679649
90.75233494944705
89.43823317100653
92.72502753441354
88.7964916842408
95.68419656226845
97.2360974225601
97.35179936462299
91.1088782791661
91.85568363151492
99.02286399353689
95.29902625466396
95.592697242684
91.9056980499203
89.95390146790473
92.31710887798909
91.85568363151492
99.02286399353689
95.29902625466396
95.592697242684
91.9056980499203
89.95390146790473
92.31710887798909
91.85568363151492
99.02286399353689
95.29902625466396
95.592697242684
91.9056980499203
