89.27511044222777
93.17832789642051
89.84575741254649
98.15364221469216
93.43370038665213
96.24147111978013
91.48419355816154
92.84877642374072
92.56861278570047
88.7964916842408
95.68419656226845
97.2360974225601
97.35179936462299
91.1088782791661
91.85568363151492
99.02286399353689
95.29902625466396
95.592697242684
91.9056980499203
89.95390146790473
92.31710887798909
91.85568363151492
99.02286399353689
95.29902625466396
95.592697242684
91.9056980499203
89.95390146790473
92.31710887798909
91.85568363151492
99.02286399353689
