88.2944082163338
93.90725489010966
90.09714804754351
94.59073137234802
94.39167158318608
94.71351100200768
94.9478447577939
96.12803812123202
92.43871224748874
90.55640826348376
91.23945009655456
95.54158202588361
92.85670122808051
89.16249399120893
93.32273314764387
91.72407561995588
93.78340181070834
91.73812339014155
95.4232721410553
94.43670585638294
91.44641971103869
91.38134813914215
92.2241158367762
89.35546506932717
87.54520786202852
92.11640025767133
96.02882342545796
92.93961220117099
90.16813847153148
88.24063391864657
