93.35190463772027
93.1691523384638
93.24173005291686
94.01631483693141
92.97614382553185
89.06281349279861
92.00540907271039
94.35415756312482
99.19869707507455
96.92071134819645
98.24807099278756
90.26882501832664
94.62081513277451
97.21347583462313
88.94856288530144
93.79371192048517
93.43674234522247
94.3764572881939
91.76321073314466
92.42782758348187
96.87904151008146
97.92011380088577
91.4892057664545
97.98916100076097
92.04322777641097
94.8495030526734
93.24421130957009
91.0100561790375
91.11640916822999
96.48175073560628
