14.805953635206013
11.862637036442438
11.470114279056306
11.2159060426734
10.987946246986953
10.825921445554792
10.732305746428647
10.672718934353874
10.611528139316157
10.493047746303878
10.336836832575498
10.149509456892256
9.992362027707168
9.943517649155144
9.93097354607741
9.92677879578251
9.924498234412
9.922950810927928
9.92196323222975
9.921003313518938
9.920047118262334
9.919376468097097
9.91882633050023
9.918326274810903
9.917836964884351
9.917415524544092
9.916932919181376
9.916548935184716
9.91617801086349
9.915788764790282
9.915436902620344
9.915014363771638
9.914657639727427
9.914263300495993
9.91385625967957
9.913499888443006
9.91320883572608
9.912938048260973
9.912648869018298
9.912465377338862
9.91229955901753
9.91214978501056
9.912052098562938
9.911898781772344
9.911674516718941
9.911448647653176
9.911342665238303
9.911166795033909
9.911060735882778
9.910872794336374
9.910741715965774
9.910575237557191
9.910497134489717
9.910430367795735
9.910281850801818
9.910190297294683
9.910135476929215
9.910099525261332
9.910046056988351
9.910005361189231
9.909965516979193
9.909939200942114
9.90989380535524
9.909861010535039
9.909817323623898
9.909776600939686
9.90976257672251
9.90975422004989
9.909730339309398
9.909685035088648
9.909634603083514
9.90960988386713
9.90959741041178
9.909586475724911
9.909580700078907
