15.632689994647961
12.610053091933501
11.159345552151684
10.604627444996348
10.395230074654213
10.301943647810734
10.252528426549912
10.22280527714265
10.203277516291806
10.187371116978694
10.173803029214636
10.161902539860018
10.151526132888431
10.14120412452415
10.131379294421246
10.122308661593035
10.113970172206859
10.105773561470063
10.098772818970014
10.092090770770616
10.085263052467766
10.078802976152405
10.072225502267502
10.066349991966373
10.060632886169783
10.054774569942362
10.049268726519719
10.04435968082149
10.039766769461723
10.03474555318438
10.02989586746991
10.025029008449065
10.020974659568022
10.016612051485854
10.01261190800592
10.009062076492183
10.005426734456002
10.001821284394905
9.998891464090898
9.99617955228435
9.994084434882154
9.992151751435232
9.98987946981705
9.987880039708445
9.98650189450406
9.985221821746054
9.983695754750142
9.982155111102266
9.980588911686784
9.979268518351098
9.978030488609399
9.97664391336046
9.975260969624815
9.974175914382826
9.973026021080429
9.972071786386591
9.970994208062109
9.970122492855772
9.969434239903558
9.968568488541965
9.967812045737304
9.967162664336813
9.96653919704101
9.965800825566117
9.965119681340669
9.964376505668193
9.96379353866547
9.963256245673866
9.9626296737295
9.962125933163207
9.961650946206275
9.961094408784717
9.960652478382169
9.960216191608586
9.959725277911605
9.959203932541321
9.95881162620527
9.95855413225767
9.958265460962613
9.95794816091259
9.957639352362046
9.957052482101451
9.946678456936837
9.912895227509173
9.896174898431752
9.889211509045532
9.885243269703686
9.882784609936941
9.881103688730065
9.87943741915159
9.877975058881233
9.876195094304554
9.873649291366345
9.867334134894508
9.864028548859181
9.86241773003699
9.861217295434214
9.860296006381825
9.859341724585041
9.858493830053407
9.857588630366882
9.856744607958841
9.855929070098734
9.855330969176979
9.854759801468521
9.854246213780508
9.8537434835517
9.853227824323463
9.852692976779728
9.852291020952576
9.852081384807516
9.851947052223586
9.851860204777841
9.851752090587958
9.851622273807406
9.851499024283548
9.851433998081399
9.851361880050272
9.85126704397633
9.851197928037466
9.851152947397523
9.851095379837076
9.851026983121473
9.850972010533606
9.850925186805451
9.850900292390882
9.850863743140101
9.85081386247299
9.85075473554866
9.8507282370579
9.850701549210019
9.850665817769967
9.85061328610349
9.850569030139741
9.850533393083955
9.850498402286364
9.850485093310809
9.8504653479457
9.850445636562933
9.850431630446879
9.850418838646181
9.850414730428323
