16.640756903497785
12.724983929217311
11.16551259570397
10.540417286922487
10.278415241354418
10.165824392718521
10.116167195870021
10.09208847210947
10.078887169250484
10.069729376952843
10.062820198454837
10.05654142520437
10.051103766729753
10.045743633641337
10.041016685229746
10.036016048204008
10.031148054201333
10.026188874596704
10.022173634864224
10.018164666420773
10.013807052304687
10.010246693399523
10.006822520066398
10.003302139029303
10.000327373528432
9.997469639052735
9.995217763831315
9.993145866497397
9.991089490078643
9.988887526489824
9.98718900883695
9.98590601971017
9.984572475057814
9.983069880530643
9.98149082031081
9.980123425484805
9.978782428932464
9.977562076702146
9.976189020089494
9.974969432190008
9.973853017432974
9.972922280607415
9.97188465768136
9.970867937566291
9.970005952476852
9.96926269823289
9.968401105687926
9.967743572836662
9.967146467419068
9.966506168917832
9.965684928997028
9.965029306930328
9.964332911750883
9.963745937253966
9.96319611532511
9.962553494622759
9.962102446711162
9.961650946206275
9.961094408784717
9.960652478382169
9.960216191608586
9.959725277911605
9.959203932541321
9.95881162620527
9.95855413225767
9.958265460962613
9.95794816091259
9.957639352362046
9.957052482101451
9.946678456936837
9.912895227509173
9.896174898431752
9.889211509045532
9.885243269703686
9.882784609936941
9.881103688730065
9.87943741915159
9.877975058881233
9.876195094304554
9.873649291366345
9.867334134894508
9.864028548859181
9.86241773003699
9.861217295434214
9.860296006381825
9.859341724585041
9.858493830053407
9.857588630366882
9.856744607958841
9.855929070098734
9.855330969176979
9.854759801468521
9.854246213780508
9.8537434835517
9.853227824323463
9.852692976779728
9.852291020952576
9.852081384807516
9.851947052223586
9.851860204777841
9.851752090587958
9.851622273807406
9.851499024283548
9.851433998081399
9.851361880050272
9.85126704397633
9.851197928037466
9.851152947397523
9.851095379837076
9.851026983121473
9.850972010533606
9.850925186805451
9.850900292390882
9.850863743140101
9.85081386247299
9.85075473554866
9.8507282370579
9.850701549210019
9.850665817769967
9.85061328610349
9.850569030139741
9.850533393083955
9.850498402286364
9.850485093310809
9.8504653479457
9.850445636562933
9.850431630446879
9.850418838646181
9.850414730428323
