12.663872079550652
11.1377164762426
10.777171842589707
10.532812919861044
10.293933408725868
10.136737737754574
10.059611794742736
10.022725214237509
10.00144238255489
9.987172377545491
9.976402189853472
9.966722575806886
9.958896078527733
9.95169886811218
9.945500426494437
9.939742443789978
9.934641769485962
9.929966696752363
9.925247721454332
9.920632562996305
9.916744279335848
9.913284709272618
9.91041737481276
9.907409899783014
9.904506760506413
9.90228899692359
9.900421350211998
9.898674644070558
9.896869566438083
9.89508289634619
9.893542179430241
9.892337654854956
9.891147087003496
9.889851431081695
9.888685005778743
9.887794123569337
9.88696751343742
9.886106836380034
9.885009875767118
9.884139092592607
9.883494467907532
9.883013998628346
9.88237430960226
9.881806497425583
9.881260039787929
9.880830712483641
9.880490637999772
9.880165011171993
9.879702476414918
9.879251266462145
9.878838870997516
9.878516640444321
9.878127604261637
9.877829990717016
9.877589830515946
9.877398144978601
9.87720900849113
9.876959664791364
9.876639544194715
9.876323713396726
9.87615085835214
9.87596651923385
9.875795416829558
9.875635766024478
9.875491937489548
9.875370879665375
9.875241907003709
9.875128941090683
9.875048002432557
9.874940580314643
9.874804905773058
9.874684685556579
9.874614909044798
9.874540510892587
9.874443839570379
9.874389547112282
9.87433922551617
9.874321647856304
9.874303277768215
9.874270418563643
9.874258911992076
9.874249764893452
9.874235434522502
9.874230074012655
9.87422697044813
9.874212354250162
9.874207954123227
9.874195458642095
9.874174396169696
9.874153031144488
9.874117294074072
9.874115384656783
