12.916180123923112
11.06331778890243
10.595775857286911
10.419408642936956
10.33844648046843
10.275573168797028
10.216917068531506
10.180482610985475
10.153910585750099
10.126204862775047
10.081750667139822
10.041176551572244
10.010165330825407
9.97268117338162
9.95623280731109
9.946913741003858
9.939858936548154
9.93379724520982
9.927746759814188
9.922242345396725
9.916883993201662
9.911942395279958
9.907543202735088
9.903151603102906
9.89915316195832
9.895298603356597
9.891842211392945
9.888293863075747
9.884579079352475
9.881253949342224
9.878393939993733
9.875908143766194
9.87327400097282
9.871124021760567
9.869257801154264
9.86763980140206
9.865823972057164
9.864248022108205
9.863109766817173
9.862027058634046
9.860937286269264
9.859904259146125
9.858990459620165
9.858155242699858
9.857362666426807
9.856518897037907
9.855764163516326
9.855210123591712
9.854674246542194
9.854214434498251
9.853731075355464
9.853191537587119
9.852659261346231
9.852267153610253
9.852071933328768
9.851947052223586
9.851860204777841
9.851752090587958
9.851622273807406
9.851499024283548
9.851433998081399
9.851361880050272
9.85126704397633
9.851197928037466
9.851152947397523
9.851095379837076
9.851026983121473
9.850972010533606
9.850925186805451
9.850900292390882
9.850863743140101
9.85081386247299
9.85075473554866
9.8507282370579
9.850701549210019
9.850665817769967
9.85061328610349
9.850569030139741
9.850533393083955
9.850498402286364
9.850485093310809
9.8504653479457
9.850445636562933
9.850431630446879
9.850418838646181
9.850414730428323
