2.4447274160716375
1.7490080892637518
1.4584464014674476
1.4162301627438318
1.4140172532277757
1.4149127922871079
1.4139438085491718
1.4291132746376336
1.4282199743192014
1.5034071670923652
1.5380072716466342
1.5269093216011758
1.4105145490857245
1.3897942868959363
1.3871407435217231
1.3935519450504126
1.4065882920744488
1.4172018052489146
1.4273709936623276
1.4295747681840558
1.5062590391438349
1.5342231038274117
1.5062447829034604
1.4210651209209637
1.3953174431961912
1.3902857541085394
1.400239047325047
1.4085135840869072
1.4127140637198723
1.4251576930215835
