2.3491225909862585
1.507231015893626
1.4211053631543014
1.4292159004794738
1.4187727797978436
1.4152903599776052
1.3968175325768348
1.3735644303938235
1.3831842194885917
1.4059002863772019
1.4059324820428911
1.4150617106940933
1.4206773936864276
1.4350293851630456
1.463226299271763
1.5619958646289878
1.5074081782854936
1.4283086382424854
1.398424603674232
1.3948846572650417
1.3896576494514326
1.4132439551573168
1.414174108131275
1.423083552506225
1.4327403265319862
1.501337175999506
1.534710147878644
1.5173631454848433
1.4076124404644748
1.3984740569273273
