2.288061125782429
1.4714267065491893
1.4485971021820934
1.4115553697007266
1.4237538185537137
1.4316992939236737
1.393165107030863
1.3843375869970367
1.3814135778527807
1.4076839066461062
1.4119703594849553
1.4123735423121941
1.4262015123679281
1.4351154995929036
1.5078981442458943
1.5457417558679487
1.5022736408716266
1.4190684015257278
1.3903834875915726
1.3956442135857094
1.3917254747177619
1.4074192429244994
1.413659295471379
1.4203178702772905
1.436757542750119
1.4577029650784388
1.5606095464387963
1.515025319641734
1.4125476319554227
1.392257893922239
