2.0777316642304013
1.6950381602960305
1.5458748699398144
1.504917336334679
1.4890229640307882
1.482703209620383
1.5115625938709782
1.5180805159394355
1.4991564914542603
1.5352662981570842
1.553430815770454
1.56225657135412
1.6494830314313709
1.6422775068364113
1.5438011737273365
1.518201847039448
1.5093075756443768
1.5011192492060952
1.5314005039299017
1.5543429717824342
1.56402934504887
1.5670727326153966
1.6641958671443824
1.6663077641916766
1.5156917456999959
1.5155121423227962
1.5108427397752233
1.5126308297116884
1.5020368307574608
1.476610099593763
