1.9462439195067252
1.4333327346152145
1.3929336384992412
1.4110221380123695
1.4046066881572734
1.4011606814328526
1.3984984093980086
1.4580225379920684
1.4784544326211284
1.481408174554215
1.4227070171527503
1.3826657114337462
1.3826662622731034
1.392374529227948
1.4038622471199818
1.4128562672480935
1.4312705938395205
1.428418097069063
1.5234160769707648
1.539394473733493
1.4905558636848015
1.4068418498570476
1.3951222210744127
1.3994182636327044
1.4070849847959417
1.4176404964209286
1.4083794814894095
1.426528511339876
1.4334545594025279
1.5155119843698066
