4.192727291236368
4.102660685093356
4.018806263327511
3.941338763943268
3.869669883936147
3.8035367409353875
3.742641523024174
3.6865262730344286
3.6349476707439403
3.5874723799856767
3.5439512007140017
3.5039732246567863
3.467130518366953
3.4332086860069757
3.4021308560506993
3.3735848701879787
3.347360978940605
3.3232606593276355
3.3010605514443543
3.280554860905236
3.2617333373999626
3.244439435673622
3.2283893463221363
3.21352687919863
3.1998319428714277
3.18712850894691
3.175392113954445
3.164454349133052
3.154354391377826
3.1450182155744852
3.1363157559356973
3.128214328594532
3.1206601395635047
3.1136359533393625
3.107053221042021
3.1009480621360104
3.0952629614037965
3.089935658618743
3.084922719548065
3.080213719625801
3.0758031319469987
3.071631481954965
3.067747828826863
3.064078363673689
3.0606289606079295
3.05738231896815
3.054307657029716
3.0514100380081133
3.048690663335961
3.04611245924542
3.0436624566510764
3.0413385919640494
3.0391246627965773
3.0370273547386275
3.0350274303741775
3.033114103089685
3.0312897357564554
3.029547011827536
3.0278989669844614
3.0263006552641447
3.024800905873303
3.0233554112306997
3.0219589756632432
3.0206161819510102
3.019326931412544
3.018101096795744
3.016899466049396
3.0157427814715767
3.0146249611090954
3.013547419421942
3.012507441208814
3.0114851501839124
3.0105231736967957
3.009577341537387
3.0086555000940134
3.0077539328124523
3.006874091226914
3.0060173227882845
3.005192197309951
3.0043856168651084
3.00358577078702
3.0028042070330745
3.002038447009713
3.0012916996680543
3.0005459688051515
2.9998397677273414
2.999133400062057
2.9984340327366916
2.997750827525726
2.997061329697808
2.9963924077435604
2.995736013667045
2.9950870391682507
2.9944277386208675
2.9938047390356877
2.9931613710956873
2.9925364954568714
2.991925842432953
2.991304338460264
2.990679847259077
2.9900819846339033
2.9894728001316673
2.9888723276220897
2.988264371912596
2.9876703404326794
2.987085856475514
2.9864879968217797
2.9858989985313413
2.985321236767326
2.9847228240223345
2.984157544404794
2.9835730668357923
2.982977553561459
2.9824033433481754
2.9818162301309337
2.981241919388409
2.980662711715456
2.980075608606821
2.979500609235752
2.978917498541583
2.978337740803938
2.977762790493312
2.9771808901635706
2.976596056271232
2.976008308072165
2.975408528570921
2.9748415038388254
2.9742510591542306
2.9736629982522236
2.9730633423101835
2.972471538816275
2.971877012239845
2.9712908683713373
2.9706886661153846
2.970076289445044
2.9694892958255146
2.968871017881972
2.9682792035595926
2.9676701650098103
2.967051934561723
2.9664528248585413
2.9658197527752255
2.965212812672213
2.964592370995027
2.9639565728836486
2.96334526316496
2.9627157659289503
2.962090738233816
2.9614487248354333
2.9608139916181013
2.960165566134276
2.9595217997217707
2.9588806044998623
2.9582290956289903
2.957571861145852
2.9569189229502575
2.956261830915656
2.955598936401673
2.9549301586029864
2.9542515259100766
2.953577272537025
2.952897782025607
2.952209294155134
2.951514067818456
2.950845233205322
2.950133746498178
2.949437017728344
2.9487436347424008
2.948039737161425
2.9473126350842587
2.946618124970536
2.9458913578357953
2.945158485890118
2.944445698066542
2.943707913000724
2.942974753499991
2.9422217439227163
2.9414913673744563
2.940742209573572
2.939981263339454
2.9392223040736045
2.9384529576887526
2.937689959268312
2.936913615834866
2.936138199581605
2.935355011186833
2.9345586635709053
2.9337626461871786
2.9329823317633577
2.932179168333805
2.9313569846170697
2.930553129569874
2.9297304138695734
2.928912632895411
2.9280749970724127
2.9272463642875337
2.926399348685229
2.925553128885355
2.9247059171065377
2.9238440428246406
2.9229807880936582
2.9221162378592265
2.9212322156938137
2.920340373186975
2.9194782966625876
2.918575483740334
2.917680474756384
2.916766870894318
2.9158669699874755
2.914955447675155
2.9140300413838354
2.9130987530864325
2.9121469120438737
2.9112224169583456
2.9102704197980716
2.9093235980307357
2.908367248204953
2.90739867724413
2.906420041786174
2.9054479955766834
2.9044526401490476
2.9034413228875815
2.9024584175416956
2.901458443747178
2.900424444507302
2.8994232693157236
2.898386507549099
2.897359634105495
2.8963165083958726
2.8952495223027475
2.8941923136576593
2.8931465638135885
2.8920762416465555
2.8909944974578297
2.8899023106915944
2.8888078795810075
2.887688548197953
2.886597861935854
2.885481275369519
2.8843390322059226
2.883234091381385
2.8820736443484583
2.8809392153746303
2.8797684810079316
2.878628845209684
2.877456828526355
2.8762560681150156
2.875073661513238
2.873883091483173
2.8726846589670014
2.8714538923328283
2.8702479544671213
2.86901563841162
2.867782708712724
2.866527717252672
2.865282417007008
2.8639908106561123
2.8627379103906634
2.8614613945979746
2.8601621484069777
2.8588646884055944
2.857564996610979
2.856235166860321
2.8548972081388726
2.8535774898479085
2.8522300783929087
2.850865802682587
2.849499542653756
2.848123507425074
2.8467640094029996
2.8453584729407355
2.8439628023169403
2.8425475977560444
2.841109254143237
2.8396979839713454
2.838254095754145
2.836792058057493
2.835352838221431
2.8338787972382353
2.83237463798016
2.830901776772386
2.82939830880114
2.8279001224216747
2.826376385874091
2.824818541880521
2.823302560028636
2.821750664950143
2.8201598538686534
2.818601033935472
2.8170345949908953
2.815416885159952
2.8138224053518983
2.812188467897699
2.8105825283359422
2.8089454128492974
2.80727183596294
2.805626362404584
2.8039501161543607
2.802249341906384
2.8005783221650016
2.798878489121047
2.797156389272702
2.795408896478218
2.793685820129995
2.791916434813092
2.7901617606658835
2.7883803318809264
2.7866004338750825
2.784797849900585
2.7829959124584427
2.781160290467664
2.779330441802498
2.777495286349851
2.7756289961394196
2.773759855905446
2.771884389904644
2.769974673113472
2.7680824372357105
2.7661316655618093
2.764193534012601
2.762265965377611
2.760294877902076
2.7583494194957665
2.756365515626087
2.754370827424511
2.7523291572170634
2.7503371467239455
2.7483006445161196
2.7462380097288377
2.744172897932075
2.7421104501196387
2.740002130768294
2.737912952602263
2.735806428017361
2.7336705171130555
2.7315292171420458
2.729380461587157
2.7272171801162797
2.725016327702895
2.7228449048440195
2.720612602074682
2.7184012745190196
2.7161528753379556
2.7138942259750274
2.711657758011907
2.709364449000329
2.7070529049107583
2.704765069653144
2.7024495403193574
2.700102585569851
2.6977670380682417
2.695376695135308
2.6930010098272237
2.690632162069895
2.6882258549069062
2.685786978342703
2.6833714425855586
2.680919000937739
2.6784562414990285
2.675985593795044
2.673465964547238
2.67098915687417
2.6684264311648582
2.6659154604185398
2.66336594415202
2.66077199348026
2.6582127238757844
2.655615716482689
2.652977796108699
2.650356653795779
2.647725753798942
2.6450494451886617
2.6423828209211755
2.6397088430603075
2.6370234359359825
2.6342736231106443
2.6315573042199647
2.628794566233732
2.626027759253398
2.623255882710293
2.620452193473842
2.617648728324512
2.614825323283001
2.61196332851282
2.6091071645357644
2.6062504056971014
2.6033649903103004
2.6004381336510747
2.597542902312416
2.5946079622672236
2.5916294389040844
2.588695799258102
2.585683264858921
2.5827043810664305
2.5796681273592283
2.5766546551857346
2.5736092833119772
2.570558460933846
2.5674729085756502
2.5643616463577334
2.5612567881436936
2.558169730254257
2.5549994364909225
2.5518467923487522
2.5486975589348626
2.5454728971890144
2.5422655510783136
2.539062564052361
2.5358104989204167
2.5325625418225988
2.529311912413258
2.5260278894924877
2.522729726431334
2.519397847539021
2.5160909185554803
2.5127228601419724
2.5093741430223515
2.5059895149967906
2.5026071295149643
2.4991901831235914
2.4957521046655113
2.4923199019042284
2.488879815986629
2.485413820659335
2.481895131847949
2.4783851977355047
2.4748846829367777
2.4713655066700033
2.4677819064660094
2.464236258723126
2.4606518202915892
2.457050655679743
2.4534288815733745
2.449807646988945
2.4461477174568373
2.442475712807888
2.4387985427453556
2.4351350661792655
2.431444959678911
2.4276869171752216
2.4239492318031486
2.420204193712035
2.416437016417566
2.4126624532709333
2.4088380250912476
2.405050978711171
2.4012216410545064
2.3973625639995144
2.3935065023092092
2.3896390766622857
2.38575242113153
2.3818633708097536
2.377920895157898
2.373986193572875
2.3700642923775117
2.3660959558288956
2.362143281589693
2.358142247863828
2.354125322122113
2.3501025020619326
2.3460718050789025
2.3420299433291953
2.3379733508402465
2.3339060959529285
2.3298037989215
2.3256909807717028
2.3215891544880303
2.3174626390806528
2.3133347677923175
2.309174580588021
2.3049777304595382
2.300812251251674
2.2965995485549136
2.2924320313646676
2.288197723546323
2.283958507258996
2.279704925720872
2.275434971320641
2.2711706420763265
2.2668616894672975
2.2625542003221906
2.258273741729022
2.2539466632030956
2.2496077771045124
2.2452384029468626
2.240902841317965
2.2365380668169275
2.232160365534002
2.22776340756605
2.22337366936941
2.2189241853780457
2.2145042757305498
2.210053152458853
2.205595766023349
2.2011491523812095
2.196666417920234
2.192155452889917
2.1876597473422867
2.1832024846768845
2.178633115687186
2.1741616481855366
2.169619938362354
2.1650542800122503
2.160466922934433
2.1559422855041697
2.1513633076998313
2.1467371238206545
2.1421694259758493
2.137585511234648
2.1329660462815156
2.1283416035744933
2.1236940350320905
2.1190257883813977
2.1143762675885647
2.1097374907776496
2.105075087118909
2.100372373383619
2.0957195279696226
2.0909956856259373
2.0862960360804204
2.081578729662454
2.076877043705351
2.0721666284032265
2.067466986540256
2.0627159448750754
2.0579709722561503
2.0531872460291143
2.048416693154837
2.0436653314613253
2.038882534632888
2.0341335434930126
2.0293343438182103
2.024561000280539
2.019766890138628
2.0149606780266662
2.0101402873089245
2.005328996113307
2.0004980048010252
1.9957187245569674
1.99085548564245
1.986008849948989
1.981208319165484
1.9763721662292901
1.9714870428400406
1.9666676148920292
1.9617652009936883
1.9569176693273387
1.9520809388049312
1.947186689680183
1.9423369366604533
1.9374310031944466
1.9325696914644
1.9276643148132857
1.9228100485171102
1.9179192241839724
1.913006592216144
1.9081440846229671
1.9032421875282164
1.8983341093335249
1.89346260975523
1.8885628888937727
1.8836303166629667
1.8787351873862723
1.8738014839753927
1.8689088319343772
1.8640033029695382
1.8591045764479517
1.8541910057607391
1.849269779106947
1.844375455242182
1.8394646701089963
1.8345494685324137
1.829617696471699
1.8246737720828259
1.8197991321606568
1.814884440016003
1.8099281409034544
1.8050327355901787
1.8001486686262969
1.7952231164303925
1.7902919131194763
1.7853934428578655
1.7804761947321206
1.775588273821161
1.7706729450551228
1.765796015526464
1.76088907665363
1.7560074438492987
1.7510874689961176
1.7462070082503474
1.7413234687480028
1.7364254671832828
1.7315395994914498
1.726667669908108
1.7217672145644243
1.7169018298248986
1.7119980530215329
1.707141859272886
1.7022716140532408
1.697416385523107
1.692562177014747
1.6877041902845518
1.6828566372496534
1.678006842623153
1.6731482875840213
1.6683352382103251
1.663478741570558
1.6586725644113642
1.653864170486897
1.6490025415485583
1.6442183315832286
1.639422242725935
1.6346139970174356
1.6297876364220356
1.625047899408323
1.620219728682621
1.6154500214285459
1.610678805458512
1.6059511900780878
1.6011922349287122
1.596429521109754
1.5916846595037004
1.5869324983763455
1.5822047360279228
1.5774598671416107
1.5727789388073217
1.5680522462867859
1.5633655869614875
1.5586248147589974
1.5539372820067585
1.5492878215547363
1.544593295947518
1.5399575270431145
1.5352867804905963
1.5306207562101048
1.526010155893879
1.5213686094810304
1.516726965204655
1.5121260341353264
1.5075365258238969
1.5029369831124666
1.4983440146060207
1.4937269664905377
1.4891798216148953
1.4846288907017577
1.4800398802950085
1.4755271415699753
1.4709859854239302
1.466459333430342
1.4619468702298475
1.457414723181611
1.4529658918247108
1.448469580260187
1.4439910237497204
1.439515718183951
1.4350630673429674
1.4306149570517854
1.4261925689583457
1.42175444287971
1.4173442245139203
1.4129138814419537
1.4085380227926128
1.4041611129206775
1.3997823082521166
1.395411053255167
1.391049542112522
1.3867168216906538
1.3823913124780818
1.378072189611923
1.3737668588463725
1.369470899837633
1.3651788133583782
1.36090953756447
1.3566487181276252
1.3523988049664495
1.3481580505443427
1.3439373118519038
1.339715591935245
1.3355120860990413
1.331303201185065
1.3271119793080064
1.3229563729854237
1.3188047085695214
1.314663445858209
1.3105081181267104
1.306409170008677
1.302298414321813
1.2981876569947872
1.2941134863649455
1.2900418503730127
1.2859786436382674
1.2819111201182198
1.2778892107094884
1.273862612073979
1.2698567823769549
1.2658462293971686
1.2618615934349786
1.2578818232988709
1.2539183666699858
1.2499699092373102
1.2460290851381652
1.2421131917383292
1.2381817041367988
1.2342881587020205
1.2304109415208662
1.2265363686208848
1.2226853665151174
1.2188189101993145
1.2149850088449414
1.2111411551302786
1.2073444008638134
1.203549043160066
1.1997459519021998
1.1959823135606522
1.1922278248923894
1.1884711270019743
1.1847468330656077
1.1810156523789725
1.1773152634042083
1.173610966571983
1.1699327651138902
1.1662450070054553
1.1626026619948304
1.158947314559725
1.1553238355693838
1.1516975832319585
1.1480883359241283
1.1445054439326197
1.140916344280461
1.1373619808546898
1.1337923787249073
1.1302515184748998
1.126717294677845
1.1231988621516822
1.11968983485374
1.1162076385158106
1.112714383347687
1.1092550568296935
1.105799066796549
1.102358020977989
1.0989362799921665
1.0955232975192433
1.0921207755848255
1.088710215837604
1.0853461879854682
1.0819831738223553
1.0786409541082584
1.0752958068507912
1.071966794513557
1.068641409649373
1.06534758863307
1.0620643800344132
1.0587837596201608
1.0555234028047915
1.0522631996298941
1.049027238810454
1.0458085271200543
1.0425855442780287
1.0393783740242193
1.036202684250968
1.0330227500387317
1.0298471176675146
1.026717514889067
1.0235644261702812
1.0204361096898886
1.017321169721752
1.0142069115448853
1.0111316195694748
1.0080515962275378
1.004985671498379
1.0019195353378185
0.9989001317137166
0.9958598578728942
0.9928461359970082
0.9898213311941276
0.98684552905654
0.9838614032174302
0.9808779245861193
0.9779320832446671
0.9749822468210964
0.9720483620755929
0.969130211455276
0.966209543025295
0.9633226185926519
0.9604297957924594
0.9575606364197586
0.9546937528309797
0.9518410706231866
0.9489976961917928
0.9461621963249378
0.9433486541623209
0.9405478707916289
0.937763247039645
0.9349649871114382
0.9321934438069943
0.9294395922416355
0.9266867596804724
0.9239506279455036
0.9212242612985405
0.9185004933199197
0.9158082541192061
0.9130965800510351
0.9104207626219332
0.907745062909666
0.905089736925482
0.9024404577434293
0.8997970856684883
0.8971735753934307
0.8945549850260966
0.8919420636459489
0.8893388495372729
0.8867685535906351
0.8841951684969467
0.8816257966505561
0.879071011557803
0.8765325717411803
0.8739867471236633
0.8714720057946661
0.8689672570579579
0.8664732000524601
0.8639785809752084
0.8615013700365174
0.8590232497627815
0.8565718497730928
0.8541099566076973
0.8516777747714214
0.8492447442527218
0.8468289082926208
0.8444062450925458
0.8420195079906038
0.8396281802629837
0.8372531390811727
0.834873521481494
0.832511723001441
0.8301648521992433
0.827815698202855
0.8254942101212733
0.8231739400513836
0.8208515187576654
0.8185592769201242
0.8162754780465371
0.813988567004255
0.8117108516147826
0.809438209506012
0.8071899252946095
0.8049418302699871
0.802714813048279
0.8004921824877198
0.7982600052663558
0.7960586830526944
0.7938666222296502
0.7916691583695199
0.7894851616295502
0.7873096537466617
0.7851533229832721
0.7830064952288452
0.7808565248278787
0.7787186542051604
0.7765835945556164
0.7744739061318197
0.7723555344171241
0.7702518193598584
0.7681682727547867
0.7660920520936928
0.7640037390994272
0.7619454675762649
0.7598834328419036
0.7578350548459861
0.7557943159525801
0.7537569783394202
0.7517323296678007
0.7497162353634612
0.7477146460692354
0.7457074428073436
0.7437174814021045
0.7417370881487799
0.7397623320198339
0.7377983314087382
0.7358317163601046
0.733886876134564
0.7319415745216953
0.7300019989710861
0.7280757421482869
0.7261639482711757
0.7242430868200713
0.722335603724675
0.7204483428989047
0.7185559415050822
0.7166764786780957
0.7148094076944584
0.7129345559421503
0.7110857077432088
0.709234343377355
0.7073932221485735
0.705550740449365
0.7037220516436424
0.7019042728726202
0.700091114079466
0.6982895219280347
0.6964863980219119
0.6946894672342535
0.6929188536511449
0.6911298346772776
0.6893645388150225
0.6876073082174832
0.6858422248849446
0.6840976238557065
0.6823588460199259
0.6806276206830482
0.6788964706175431
0.6771743089630877
0.6754650847985412
0.6737537030120161
0.6720553607898258
0.6703631282295693
0.6686750927614185
0.6669952858406042
0.6653225172059198
0.6636596861596854
0.6619937084866453
0.6603467455035412
0.658691772076636
0.6570576703566334
0.6554266447362501
0.6537973289983088
0.6521722102585332
0.6505625086759165
0.6489537595970591
0.6473555252763357
0.6457562380803509
0.6441697660737731
0.642592494319899
0.6410066563900971
0.6394433536026146
0.6378798941844896
0.6363198354130584
0.6347650914899877
0.633224687168473
0.631679184150323
0.6301471841568395
0.6286252644917075
0.6270981464735412
0.6255782673171754
0.6240759565855012
0.6225699097475037
0.6210678009574692
0.6195725566277264
0.6180846351473228
0.6166078253927004
0.6151325343552629
0.6136687548427029
0.6122026740360096
0.6107411189698702
0.609291830117354
0.607837921884972
0.6064056085357554
0.6049616187958494
0.6035378500810252
0.6021106112368537
0.6006904096515195
0.5992786050544079
0.5978733843149704
0.5964663357596433
0.5950689528324505
0.5936804922664526
0.5922861726604337
0.5909057687948366
0.5895261568800679
0.5881589734646139
0.5867934831322135
0.5854293900146476
0.584078459000943
0.5827288592325834
0.5813787030500868
0.5800393480491243
0.5787001475139509
0.5773778296138561
0.5760472454476443
0.5747308841799178
0.5734104790596191
0.5721046983014331
0.5707915628373602
0.5694939686724935
0.5681949312017449
0.5669067554232182
0.5656233845379358
0.564337587751679
0.5630609140694054
0.561792526706731
0.5605186826812683
0.559262768358819
0.5579983527310368
0.5567496626049593
0.5555010937283142
0.5542549372083379
0.553018916672184
0.551777077593749
0.5505501379122073
0.5493231461874442
0.5481029163070826
0.546882191380552
0.5456756401505974
0.5444674435308275
0.5432593317111015
0.5420669081543898
0.5408652281612543
0.5396764136265814
0.538487170693046
0.5373083601762059
0.5361313867256432
0.5349602853414356
0.5337889831773887
0.5326273364153773
0.5314653641446527
0.5303103123882823
0.5291566141419747
0.5280085213132595
0.5268628826739061
0.5257224138985979
0.5245841515398836
0.5234584328746161
0.5223296022198889
0.5212070195110379
0.520086909888864
0.5189716472816117
0.5178577419754804
0.5167496975249694
0.5156433456041822
0.5145495651040297
0.5134516950597796
0.5123566957557739
0.5112668253048651
0.5101855036159205
0.5091077122327397
0.508027829217615
0.5069591010771577
0.5058882140005331
0.5048208772969708
0.5037571197572753
0.5027040817378978
0.5016466056093803
0.5005955248420828
0.49955245806393545
0.4985100867315328
0.4974637979609864
0.49643397551040225
0.49539891033216205
0.4943680663893505
0.49334283298871634
0.4923258661391115
0.49130793788447574
0.4902934259001145
0.4892795434571107
0.4882724843755731
0.4872654052548008
0.486268943361003
0.48527051646703445
0.4842765691647623
0.4832831212286828
0.48229898862007253
0.48131729928749994
0.4803347167138772
0.47936100084162114
0.4783865839171591
0.4774143356351059
0.4764450539942837
0.47548150206005263
0.47452334498077486
0.4735641108929557
0.4726103406394094
0.4716648431367029
0.4707142676398913
0.46977303449273833
0.4688273609238315
0.4678894638757321
0.46695431561129
0.46602677927374425
0.46509393762866214
0.46417370963549087
0.46324959782214437
0.4623300788083628
0.46141648073624647
0.46050177313719254
0.4595915238915965
0.45868567247549535
0.45777840775084433
0.4568793878157998
0.4559790908969478
0.45508613247578494
0.4541945407474346
0.4533074695467061
0.45241654596899616
0.4515341861864418
0.45065580058623295
0.4497761998871943
0.44890168267381825
0.44803386087267616
0.44716319077682315
0.4462976683147146
0.44543689400865955
0.4445746256013812
0.44371749336701655
0.44286444289044186
0.44201255426035563
0.4411618912493043
0.4403142538701414
0.4394713932048026
0.4386299273139787
0.4377929986392311
0.43695497969209907
0.43612265510422954
0.43529389951308456
0.4344666162637657
0.43364203714752086
0.43282009033799707
0.432002115958096
0.4311864149184935
0.4303705386219913
0.4295589149228994
0.4287482581202122
0.42794238813788726
0.427138463137115
0.4263410191051743
0.4255424181885558
0.4247456041617803
0.4239510369888638
0.4231609191072086
0.42237113402810783
0.4215835312892483
0.4207991649587082
0.42001892634224564
0.41924308623787787
0.41846797624268756
0.41769188004889696
0.41691974694186357
0.41615374151904416
0.41538539967968857
0.41462258106023825
0.41385774060405706
0.41309956126070235
0.41234277916565504
0.4115898371342227
0.41083887260119284
0.410086872271269
0.409341321674971
0.4085948197777571
0.407851581894881
0.40710962899695996
0.4063727319028682
0.4056389679522429
0.40490431687068695
0.40417281117908166
0.40344416765411545
0.4027166726786172
0.40199185301074075
0.40126843631064035
0.40054799664996493
0.3998306230452692
0.39911591391426016
0.3983984662446839
0.39768755052896787
0.39698118021571865
0.3962727570466328
0.3955679750366932
0.39486646576983553
0.3941657668161202
0.3934666624507044
0.3927673077594679
0.3920732464211864
0.3913821496760251
0.39069328809631476
0.39000411910334887
0.3893183695628026
0.38863405172966226
0.3879537569302305
0.3872722485831139
0.38659621150406376
0.38591878434344423
0.38524661922757086
0.3845727546463969
0.3839021453159916
0.3832357280044256
0.38256953910803587
0.3819076851554328
0.3812463967800151
0.3805847268287376
0.3799286194965447
0.3792705568265223
0.37861846098898333
0.377965445175445
0.3773150299082478
0.37666557247067806
0.3760218541312184
0.37537759122486397
0.3747340857988214
0.37409505050379216
0.37345578144862257
0.37281685364881695
0.37218457051748643
0.3715492526372555
0.3709173073439086
0.37028969424470687
0.3696631557683113
0.3690376947520772
0.36841354930168113
0.36779001966183
0.3671688591638136
0.3665528080745146
0.36593331380517097
0.36532133038290326
0.3647084823983011
0.3640954680640198
0.3634856948358153
0.3628774138077365
0.3622720645961602
0.3616681183127073
0.3610652087573508
0.360465254369528
0.35986659981165653
0.3592688479804359
0.3586735467117631
0.3580774286040759
0.3574870009148261
0.35689612719367464
0.35630619073168573
0.3557200635836658
0.35513282848378
0.35454826538788736
0.3539687056077649
0.3533871796306529
0.3528084120733337
0.35222901916808114
0.3516561997221843
0.3510820951171531
0.35050768244145564
0.3499361796199155
0.3493681165931507
0.3488011936314582
0.34823354467949635
0.3476707541645741
0.347108211897111
0.34654661742019777
0.345985125862812
0.3454267929019936
0.3448719503150399
0.34431538610146123
0.34376319790227566
0.3432124592673479
0.3426619916325053
0.34211045777842164
0.34156348080577614
0.3410187830164463
0.3404751638978941
0.3399318624758365
0.3393889646021223
0.3388503899721521
0.33831296836646113
0.3377741937437177
0.3372390402052081
0.3367051588907081
0.33617327251430756
0.3356411487518811
0.33511179578010036
0.3345845738893419
0.3340571766140326
0.33353365440695404
0.3330076742226649
0.33248643532272093
0.33196520342593316
0.3314460049668874
0.3309280018471217
0.33041126944337285
0.32989599564919486
0.32938299641833363
0.3288708548391906
0.3283590457581467
0.3278491512413729
0.3273414821134179
0.32683260299819894
0.3263275245428328
0.3258242861360817
0.3253200400639976
0.32481932258576907
0.3243174817977025
0.3238185977003177
0.3233223948275994
0.3228265580611126
0.32233012039904607
0.32183750445267717
0.32134661811310555
0.32085330832466996
0.3203636461225108
0.3198751439130393
0.3193900087168072
0.3189026439590626
0.31841910806920265
0.3179368310885538
0.31745395099297147
0.31697270014961587
0.3164947219295614
0.31601472613916515
0.31553842180844194
0.31506405652794184
0.31458899345091645
0.31411683608476987
0.31364385481312873
0.3131735340182781
0.31270488905682786
0.3122366627009306
0.31176947989619463
0.3113037768497237
0.31083952373377943
0.3103752106000318
0.309913306853318
0.30945308597138943
0.3089932164889012
0.30853466319597067
0.30807648364444395
0.3076213096667761
0.3071653363206538
0.30671158385462255
0.3062588077091672
0.30580656986647725
0.3053576637614504
0.30490840403631575
0.30446104964006404
0.30401279691379685
0.30356847994017166
0.30312409496620585
0.3026802911282677
0.3022379518616973
0.3017964248119458
0.30135681812361265
0.3009171414470633
0.300479335543799
0.30004169365300537
0.299606245979459
0.29917360596471854
0.29874041527528916
0.29830619711424833
0.2978768211288055
0.29744653600357185
0.2970159605328829
0.29658935847985934
0.29616239262832933
0.2957365155399946
0.2953117396906246
0.29488913264461825
0.29446563009026505
0.2940431971393076
0.29362369143360445
0.29320503289734345
0.2927867509383591
0.2923690721927863
0.29195311374187766
0.29153673596179086
0.2911231276055725
0.2907100201989398
0.29029863739418715
0.2898868124439438
0.28947773826805673
0.28906789641543157
0.28866005473949097
0.2882519832237606
0.28784734611087576
0.28744094874838866
0.28703865833836284
0.286635055474845
0.28623182206563613
0.28583128367626576
0.28543113306251133
0.2850333993150979
0.2846355320281986
0.284236795946384
0.28384159184535235
0.2834464947983104
0.2830512246252146
0.2826578833956702
0.28226595977808605
0.28187570286545954
0.28148505995847495
0.28109606356304023
0.2807070457565761
0.2803195065536929
0.279932338482103
0.2795464699464466
0.2791628913589117
0.27877959159627136
0.27839654120360774
0.27801322313826415
0.2776329654646152
0.27725296528075877
0.27687311914599627
0.2764947450818329
0.2761187074025895
0.27574227599189427
0.27536674876547845
0.27499238300432016
0.27461713971969176
0.27424468118701656
0.273873152362203
0.27350199759700494
0.2731311415164023
0.272762790263852
0.27239451665758846
0.2720273330867361
0.2716606783789912
0.2712949849681684
0.27093015210786847
0.27056473977261963
0.2702020031816874
0.2698393619595792
0.2694784308335141
0.26911844185463724
0.2687570208894789
0.268399345143636
0.26804102045805156
0.2676827820563268
0.2673270127079121
0.26697112258386574
0.26661736404339986
0.26626362163378775
0.2659105601952744
0.26555775381147423
0.26520548923603726
0.26485570311416157
0.26450638683924127
0.26415693419158515
0.26380858391991324
0.26346189821261184
0.2631147935934197
0.26276846437296525
0.2624246866683736
0.2620794002053497
0.26173596112609265
0.261394382297864
0.26105265523690047
0.26071120170179407
0.26037059213117725
0.26003192962923466
0.2596939844644648
0.2593561264858694
0.2590191128858552
0.25868165967612217
0.2583473978135205
0.2580124033365962
0.25767878155440316
0.25734529277155904
0.2570122613652723
0.2566814757151939
0.25634928720070027
0.2560200590686705
0.2556901007300875
0.2553616482551765
0.25503417249891397
0.25470619761701213
0.25438004370757444
0.25405477819951944
0.2537290139388748
0.25340524979153656
0.25308111649749604
0.2527588416339551
0.2524373543552897
0.25211638724469093
0.2517957589063779
0.25147526389399316
0.2511564505214444
0.25083823498077645
0.25052010978547246
0.25020293622395284
0.24988736075183093
0.2495707744845783
0.24925698317818387
0.24894288337429762
0.2486293672301246
0.24831610922209207
0.2480040814796009
0.24769218834314977
0.24738207686584765
0.2470724650018787
0.24676273972204293
0.24645460518979903
0.24614680933890343
0.24583942649985085
0.24553301003224412
0.24522659241019093
0.24492171312731087
0.24461635714207977
0.24431359335370592
0.24400935217894404
0.24370743561174232
0.24340607705383174
0.24310425399493024
0.24280437882864814
0.24250447151020357
0.24220418971836807
0.24190678340688912
0.2416087956579698
0.24131161273988913
0.241014913843981
0.24071826567132143
0.24042334320679687
0.24012819323662427
0.23983433593802891
0.2395413359126432
0.23924873815417994
0.23895663435743966
0.2386653573123481
0.23837419060013001
0.23808421138408337
0.23779471656615714
0.23750508439579435
0.23721681538855321
0.2369294109429811
0.23664223323833453
0.23635645282552245
0.2360702409413475
0.23578461309107573
0.23550070880125165
0.2352167348684156
0.23493280852622206
0.23465023684241954
0.23436758994016038
0.23408667007971007
0.23380492920228568
0.23352496896104544
0.23324473381483668
0.23296580634279143
0.23268781241780456
0.2324092231930041
0.23213172295218606
0.23185570048212956
0.2315789909854704
0.23130374239685977
0.2310288572546569
0.23075427455105504
0.2304795165157733
0.2302072007457086
0.22993393242410182
0.22966184392582908
0.22939020218793607
0.22911953068690943
0.22884896210944516
0.22857846982721908
0.2283091085415449
0.2280403725314407
0.2277722637877781
0.227504741160774
0.2272385299831125
0.22697116290220018
0.226706124631784
0.22644062920259675
0.22617502933361333
0.22591145357147926
0.2256477392238659
0.2253843197489837
0.22512215037701533
0.22485916137788184
0.22459793663718983
0.2243367116284377
0.22407675246859218
0.22381686616335372
0.22355744735649957
0.22329862806671907
0.22304034449407495
0.2227827591257117
0.22252570306450578
0.22226901458191836
0.22201285537426604
0.22175649073566397
0.22150184946546586
0.22124726445194132
0.22099342685576057
0.22073951049960516
0.2204861557291509
0.22023411064432918
0.21998198991612958
0.21973077044135572
0.21947988074688876
0.21922943274542522
0.21897931368159682
0.21872965865987282
0.21848051146983097
0.21823297803943204
0.2179851159244572
0.21773712395886033
0.217490315920493
0.21724441693440646
0.21699851481728902
0.2167530758820977
0.2165081066691687
0.21626381498097907
0.21601989699579785
0.21577624900479583
0.21553326397585912
0.2152908190903849
0.21504902902777176
0.2148068699949543
0.21456655958645185
0.21432571032089512
0.2140859580338894
0.21384616767929207
0.21360672684832294
0.21336857449322502
0.21313090934486603
0.21289249613701086
0.21265582012561848
0.2124186351610069
0.21218241493796736
0.21194685120515538
0.21171195962535858
0.2114771738692735
0.21124316698113685
0.21100889495586783
0.2107754988747041
0.21054226610104695
0.21030994601653513
0.21007828992934716
0.20984645145001662
0.20961568313519766
0.20938469334423387
0.2091548878373213
0.20892449272471303
0.2086953114407745
0.208466327628601
0.2082382335377815
0.2080105270088714
0.20778305418303677
0.20755553622743728
0.20732960667416045
0.2071031676857646
0.20687757058752998
0.20665240944914384
0.2064277031831182
0.206203235833259
0.20597886939797302
0.2057557778305688
0.2055321438887873
0.20530982902482495
0.2050878956059575
0.20486599132844277
0.20464485400386784
0.2044233232384797
0.20420319102798304
0.20398291443814864
0.20376369350590326
0.20354432096988975
0.2033253543062712
0.20310698314568398
0.20288890260414916
0.20267186719351027
0.20245409364558253
0.20223799730307387
0.20202189534702367
0.20180581361134803
0.2015901988303691
0.20137539803573465
0.2011604953787907
0.20094598780874265
0.20073249876981983
0.2005195000779047
0.20030590991359407
0.20009334326379224
0.19988162935294623
0.1996699242301589
0.19945802309515007
0.19924722782837986
0.19903718692362707
0.19882687129228385
0.19861716217448672
0.1984072699409416
0.19819868007815605
0.19798986202897445
0.19778232648876198
0.1975738832920344
0.19736681239589068
0.19716022495826643
0.19695310181303732
0.1967473472679518
0.19654157944097977
0.1963359254661228
0.19613049928000398
0.19592592793852567
0.1957215851410293
0.19551760287744485
0.19531479650754896
0.19511145036924404
0.19490840754693697
0.19470644959044395
0.194504528016866
0.19430276755680845
0.19410153706667868
0.19390085429290696
0.1936997313821698
0.19350025671246113
0.19330038063964014
0.19310119364154799
0.19290206034216822
0.1927035368760019
0.19250503098735194
0.19230731945435328
0.1921099209190053
0.19191271086730705
0.19171565669281374
0.1915195647842907
0.19132333245493888
0.1911278026501962
0.19093197330454725
0.19073697672686865
0.1905425629252208
0.19034825707941666
0.1901546464485051
0.1899610007921596
0.1897678065379547
0.18957505927495666
0.18938244061337947
0.18919041501991324
0.18899819510627194
0.18880687979090963
0.18861620286788217
0.188425330562762
0.18823446706164787
0.1880445184707429
0.18785473575647874
0.18766543049593917
0.1874765050074404
0.18728812560132638
0.1870995783426465
0.18691197262703824
0.18672391338248945
0.18653703719622886
0.18635010365866983
0.1861634907429805
0.1859772107088815
0.18579094245450165
0.18560559592699036
0.18542024117138417
0.18523536824219433
0.18505076767347278
0.18486643302031633
0.18468262267615757
0.184498601635257
0.18431573521279884
0.1841324942626954
0.18395003741020885
0.18376757997388068
0.18358545869834283
0.18340398169660194
0.1832227485888526
0.1830417528086954
0.18286100148964732
0.18268073750571712
0.1825007216969308
0.18232097163336963
0.1821413534312615
0.1819623720234585
0.18178403823326597
0.18160546571783917
0.18142699847126023
0.18124944819745117
0.1810718654592023
0.18089460579742006
0.18071818877310578
0.18054172337575505
0.1803649038810095
0.1801895741432437
0.18001346050256178
0.1798385312622162
0.17966315016539758
0.17948888695032317
0.17931455224564777
0.17914041872670664
0.17896652687837022
0.17879317979201167
0.17862011544105194
0.17844690787153908
0.17827435517841475
0.17810226699978482
0.17793008770856567
0.17775858414346118
0.1775875887224983
0.1774161180939229
0.17724567066115038
0.17707529910169628
0.17690478136313245
0.1767353454763642
0.17656558172738637
0.176396491967322
0.17622756158183805
0.1760585225925571
0.17589030909481454
0.17572214579437756
0.17555429586648358
0.17538717341058827
0.1752197041563329
0.1750526937473436
0.17488622958125727
0.1747199570115067
0.17455377003206946
0.17438791654944064
0.17422213727092015
0.17405739320523309
0.17389238988278674
0.17372784688183784
0.1735630072053177
0.1733993462114274
0.17323558571027256
0.17307185383267187
0.17290878970957577
0.17274542065311405
0.17258319760791588
0.17242060299468803
0.1722584733143611
0.17209677743533236
0.17193518784384404
0.1717735517382234
0.1716126539452244
0.17145175375506266
0.17129154795739687
0.17113146239614574
0.17097138786720495
0.17081187739653642
0.17065251027466996
0.17049306611146797
0.17033460929594094
0.17017577432862468
0.17001751199002926
0.1698592664272584
0.16970159877400628
0.16954396897773688
0.16938713960803425
0.1692300839960787
0.1690731154319487
0.1689169396079271
0.16876059379569552
0.16860476448290912
0.16844926658884177
0.16829372030179737
0.1681382536892837
0.16798378221862262
0.16782878602540857
0.16767446069168723
0.16752067550455124
0.16736645490478486
0.16721293971236448
0.16705980223318234
0.1669067910900689
0.16675388536159608
0.16660138332251284
0.16644874887859246
0.1662966047957411
0.16614517509619028
0.16599346511313315
0.16584196308214302
0.16569095525664862
0.16554040567051162
0.16538992474218311
0.1652393933052852
0.16508943960872552
0.16493953402083766
0.164790122784522
0.16464058836093912
0.164491397350884
0.164342967092898
0.16419431930310524
0.16404593122238026
0.16389771475000492
0.16375005416395957
0.1636022719286362
0.16345495945801558
0.1633075605053414
0.1631607115187028
0.16301400600027097
0.1628677321730251
0.16272186509176365
0.16257554449004522
0.16243026615238787
0.16228460025270397
0.16213932580997623
0.16199428154035525
0.16184981994413408
0.16170496267280537
0.1615609048800856
0.16141700925385355
0.16127321581875265
0.16112959379556654
0.16098590963756848
0.16084286364301742
0.16070015936214566
0.16055767815842706
0.1604152668717015
0.16027298431637776
0.1601307821721389
0.15998905056439033
0.15984790058019877
0.15970657448997064
0.15956525438333877
0.15942462373632743
0.15928421645225513
0.15914380627013147
0.15900336210514213
0.15886384776969883
0.1587240554623077
0.15858459429277158
0.15844541416138888
0.1583062173989125
0.15816764614750523
0.15802892908476845
0.15789053064480704
0.15775248562451782
0.15761457706177162
0.15747690359702834
0.15733950974885552
0.15720196524107724
0.15706515821945002
0.1569283457824879
0.1567917221020895
0.15665536770236801
0.15651924650782809
0.1563832988402199
0.15624739046060124
0.1561117172574561
0.1559764048408643
0.15584138728146904
0.1557064175282849
0.15557206286145692
0.15543741503810096
0.15530340088658362
0.15516914225932588
0.155035600331517
0.1549018557088028
0.15476819988733592
0.15463536509765385
0.15450224031059798
0.15436955662821858
0.1542368951219349
0.15410435582744245
0.1539724979840609
0.15384027123811087
0.15370879504264948
0.15357735434887348
0.15344586731623022
0.1533149557895287
0.1531839105712433
0.15305320663538716
0.15292256442050042
0.15279252804598123
0.15266223510565044
0.15253227096272173
0.15240264668401982
0.1522732433225486
0.15214370482529993
0.15201491346853888
0.1518858163299065
0.15175718610963526
0.15162876410649218
0.1515005961597346
0.15137246458594752
0.1512444075831755
0.15111690506472608
0.15098905665325374
0.15086175060471846
0.1507346478994853
0.15060798850194154
0.1504810114506799
0.150354626858144
0.15022839968617546
0.15010208182236182
0.1499761987254746
0.14985062618019185
0.1497247695809125
0.14959970771945721
0.1494744086069186
0.1493492334624038
0.1492247973300371
0.14910010739525015
0.14897557546785287
0.14885121697983014
0.14872721410769588
0.14860352930336918
0.1484800301627722
0.1483565806600896
0.1482332913865972
0.14811017708249655
0.14798727092860897
0.14786454243607497
0.1477420650641352
0.14761964576857078
0.14749751600957053
0.1473754750959426
0.14725368347340467
0.1471318736418873
0.1470106185055591
0.14688946078885826
0.14676836001852875
0.14664728460177484
0.14652667571160574
0.14640616624714642
0.14628591406580607
0.146165723906283
