7.281060081771148
6.213718548275475
5.6595599969488966
5.243682058696637
4.949674109973487
4.8074413264117775
4.736435726354047
4.700427869145823
4.663451888944206
4.652319197459383
4.648595193687741
4.6465494561356815
4.645166016251179
4.644290197811667
4.6436300965820925
4.643176289813563
4.642689574445042
4.642307022253596
4.6419904336861855
4.641753144450315
4.641560467886091
4.641386159343861
4.641243532589955
4.641126410049544
4.641007355045076
4.6408856447219655
4.64078580868637
4.6406038564792045
4.640470974341512
4.640352193687425
4.6402369375221
4.640127645038731
4.640029985643046
4.6399162847687805
4.639777833973736
4.639632838131728
4.639545605794773
4.639505921277629
4.639449489107927
4.639369416590852
4.639303377984261
4.6392379747361785
4.6391840072997566
4.639095852171757
4.639021229079706
4.638929058447677
4.638859885804782
4.638793493191533
4.638742251496838
4.638698379943525
4.638660526598741
4.638646484025292
4.638634991334724
4.638610963799709
4.638591998853111
4.638590221788317
4.638588305814703
4.638585195198601
4.638583194951772
4.638579541729931
4.638578342483791
