7.932160310289276
5.724307399177314
5.139576332950274
4.876809991535819
4.768289794004096
4.694598689606248
4.633482962764321
4.611021769853764
4.599546039595162
4.5919468126694545
4.586377815340502
4.581681212855675
4.576083087668939
4.565012263400929
4.560496699220169
4.5576220136615095
4.555454454147476
4.553748365088729
4.552369936356771
4.550996932892644
4.549586437421399
4.548447839547011
4.547352052972385
4.546469014349413
4.545656234170679
4.5449001849198165
4.5441685624797366
4.543565001440612
4.542873833935266
4.542088928040471
4.5414473860972056
4.540874561357149
4.540414207937169
4.539973421003838
4.539598938385502
4.539172513364297
4.538681867817223
4.5381308388750625
4.537702167944904
4.537225270290578
4.536820732075215
4.536460101591428
4.53613216130273
4.535724369669818
4.5353664150293165
4.535015531583168
4.534687005790478
4.534366438391528
4.53407428930001
4.533711961582096
4.533469694920424
4.53320601737485
4.532965635429004
4.532767974556357
4.532525890503912
4.532275603277949
4.532077609180126
4.531822984152421
4.531534838750821
4.531340676373481
4.53115411964821
4.530948027156976
4.530747309366285
4.5305408328147045
4.530332917307278
4.530174868641156
4.53005637908154
4.529882938158973
4.529715893451794
4.5296095539429935
4.529438637074597
4.529211876913925
4.529026420952137
4.528920708043444
4.528821926651347
4.5287009441157515
4.528610663391319
4.528558432986166
4.528479147745779
4.5284474488244335
4.528434099214065
4.52840677806486
4.528397798610301
4.528395436676956
4.5283885869531515
4.528377264990571
4.528371502715971
4.5283657598146565
4.5283554670636
4.528326297438298
4.5282996728559075
4.528243007408855
4.528198800525002
4.528110459348053
4.528008304843754
4.527971530501434
4.527934660353872
4.527903717907966
4.527877025688187
