7.405322831362811
6.057968886683914
5.195036184929145
4.927716144142241
4.805842640525949
4.74605543851182
4.714652213363672
4.69615465028304
4.67468658205019
4.661665882665748
4.651806780383862
4.643088838139682
4.633146372858605
4.615187162986563
4.611048618755208
4.609272907540551
4.608289441926527
4.607747417790383
4.607409762337692
4.607097663582924
4.606970111918512
4.606862817065141
4.60677657229418
4.6066885786016245
4.606582988865708
4.606526782687607
4.606464966531412
4.606429494711939
4.606402415716224
4.606375976457784
4.606369523493696
4.606361721813258
4.6063536212707215
4.606338444713749
4.606325709329706
4.60631193305935
4.606274545028332
4.606262737806616
4.606252605629373
4.606251384970281
