6.457114229913415
5.499872547949144
5.20553056294207
5.082001809218434
5.00717194564714
4.948583042482642
4.886781557495271
4.836404401663826
4.796119334963671
4.740738717902032
4.707277096044115
4.6774833196475125
4.646813327885399
4.63138641992657
4.621370207595117
4.61478577913516
4.6095665250828475
4.605473564896669
4.602014023767772
4.599018057910294
4.596607639603849
4.5944225942448815
4.5927509156967625
4.591487872713984
4.590238899553783
4.589037280897599
4.5878507432682305
4.5869522039366615
4.585874248853244
4.584861972610634
4.583910888274916
4.5832192273984464
4.582643950526467
4.582068442365985
4.58160364607043
4.581018531074578
4.580232456818023
4.579387469144804
4.578337817270423
4.576417367047746
4.5744443764628
4.57377041050718
4.573260869765246
4.57279422704262
4.572352741927697
4.572016410997564
4.57169046364168
4.571440646558728
4.571232069980208
4.571003826600122
4.570796441696528
4.57052033947948
4.570217653179238
4.570074569178142
4.569990264018597
4.569813862449056
4.5696893388947455
4.5694392665778905
4.569044846901433
4.568722285344685
4.568429780666519
4.56819697127402
4.5681072673950105
4.568029772400095
4.567976628872829
4.567908415103392
4.567850988486794
4.567777740999813
4.567636002658403
4.5674764900298035
4.567182215741652
4.5669149800888285
4.566641745228389
4.566491394458443
4.566317329683759
4.566211088453494
4.566126323538879
4.566061650691969
4.5659406646058915
4.565835205283084
4.565685638629174
4.5655097941985625
4.56527574392815
4.565097637294119
4.564860063913037
4.5646325863145405
4.564470179599177
4.564292455071309
4.5641342112143
4.56404315585636
4.563957077418458
4.563889779909184
4.563778359902279
4.563706838199554
4.5635938096172834
4.563444836142497
4.563305896930832
4.563211628715836
4.563075750904704
4.562905940696268
4.562778118607804
4.562696612115213
4.56261990404484
4.562532401693911
4.5624686074366485
4.562375728669986
4.562246598554888
4.56213787279146
4.562039959019956
4.561966327982582
4.561809276212409
4.561658499827933
4.561506467785093
4.561365413512971
4.561190854587994
4.56099875819078
4.560707472632482
4.560155067377524
4.558203623831259
4.550480662407843
4.548621919049091
4.547396051790183
4.546298043112704
4.545314573865421
4.544294994152062
4.5435585098799205
4.542834377701413
4.541951070765754
4.540990295850883
4.54011655668558
4.5394055858302655
4.538727480354739
4.538121738587834
4.5375027130166155
4.536942206033352
4.5364655217288785
4.535964476705056
4.535493693388809
4.534972607912364
4.534502102098826
4.533934689766034
4.53312649808181
4.532603974682576
4.53203665819761
4.531552753280654
4.530988478720511
4.5304937262011
4.530063864069779
4.529756819436229
4.529355751317327
4.529013191519511
4.5287942547403945
4.528520312027304
4.528347808661239
4.528150404101331
4.528027970858325
4.527876713194007
4.527701609043305
4.527592100542698
4.527483875628719
4.527369891377987
4.527243003291161
4.52712854101337
4.52701870546689
4.52693394268218
4.526847865833631
4.526736945516937
4.526665369530097
4.5266149338402695
4.526567764813921
4.526523751301235
4.5265015936917745
4.52649354668537
4.526472465582373
4.52644484939515
4.526418720423989
4.52638950485939
4.526335211899837
4.526310479978154
4.526265262674978
4.526221214001246
4.526181220622334
4.526159418026579
4.5261214138284265
4.526085032497172
4.526046783094409
4.526015421731088
4.525987492478009
4.525945066456351
4.525907838377364
4.52588645091548
