6.967162863498586
6.512687132167957
6.310250501432128
6.077417032326307
5.8577738726095046
5.7060590544291765
5.529345918189237
5.3805451253786405
5.231328835154683
5.0924293317410605
4.967141933108357
4.897148364859958
4.8497651076680235
4.813101086449838
4.787953070564955
4.766299340175992
4.747320705325503
4.729091459637191
4.712958772189913
4.699816070771846
4.688098334698967
4.67750657518115
4.6657931539641675
4.649582288325211
4.63072120145496
4.612965198290344
4.60209515956655
4.596985823908973
4.593807701976474
4.591597033813536
4.590140635648518
4.58905931087263
4.588192736415816
4.587564405198875
4.5870263651890575
4.586624486963827
4.586255310899043
4.585860672342088
4.585326261957064
4.5846628893930585
4.584508173521184
4.584348752838068
4.584257066392333
4.5841665383256345
4.584027775124172
4.583737687338919
4.583170129586367
4.582968526673644
4.582907150336059
4.582860995549065
4.58284844587056
4.582846867492042
4.582844996541901
4.582841329710665
4.582840142734517
4.582838793675475
4.582837781717296
4.582836503425319
4.582829733779041
4.582825538805619
4.582820942857097
