2.5791774693564644
1.5539324109153212
1.5232447504267552
1.5482117243262843
1.4659423255493889
1.4207755038883496
1.398351801582237
1.3990098738793635
1.407994843253604
1.4045322906662612
1.4107797830518638
1.4103251065259348
1.4060296989181655
1.5135582047788245
1.4395887511675207
1.474390429518161
1.4144368433817238
1.3824033183169882
1.3825586090314443
1.3940280418139572
1.4059989333332843
1.4162474803829126
1.4210170174091585
1.4293920085117187
1.5046141211613018
1.5288629528963988
1.5001210328195689
1.424245653491306
1.3833314233985654
1.393159880716236
