1.921495332741994
1.429646817060541
1.47486832574682
1.4167782653321852
1.418598962217476
1.4020820014166107
1.4048896616718418
1.3970675338683756
1.4005212049431148
1.402654585605085
1.3999599178299822
1.395581303460319
1.4006885603107349
1.3980054188890971
1.401713995580729
1.523637453438729
1.4380938214031176
1.4635785125866372
1.493643947383567
1.4220294825670805
1.4035890359224816
1.3916362317339994
1.3915322892930784
1.4008612446468323
1.3870442315542972
1.3868816428429684
1.393484541071648
1.4087420268920487
1.416634187437192
1.4210208180547996
