1.996183894989662
1.4587269851935156
1.4412051849544012
1.404139230645606
1.4230872828188017
1.407466892555023
1.4065383664979498
1.3971593445819765
1.3994639120744206
1.3992244304833161
1.479803177244103
1.4311842290977586
1.423490803429024
1.4395163619759044
1.4513677403004246
1.428235219764774
1.4327160984335965
1.4228980950677268
1.4292330901976749
1.4253243127003656
1.4153364686965821
1.4069032799652375
1.3974458921820763
1.522460700473569
1.4505166141683121
1.5064189902475829
1.4953596342643403
1.4227626999421623
1.4244825930770104
1.4209511983304246
