2.2786003817024416
1.6521694193501153
1.5542318919473022
1.461334223347456
1.4729563155717134
1.468478997195148
1.429393947622912
1.403394102505073
1.4036864666101712
1.3878982644643665
1.4064485603969987
1.4244833429807597
1.4099762883670115
1.4757529546488828
1.4416493702332154
1.4231730920068952
1.419655273254195
1.431242247240503
1.4502445503319028
1.419671085582631
1.3971568170003452
1.3945180033066737
1.4120251577906708
1.4913464117004158
1.4455324914608854
1.457193624454743
1.4922587047693252
1.439462095024556
1.4314088575921247
1.4155718018779955
