2.0278170689211557
1.6654937540935901
1.5081859504935633
1.4820344902646994
1.4980920798907378
1.5165892508535357
1.8415805660311693
1.4775766156303984
1.4033357814772147
1.4198202864996237
1.3914940190479865
1.3839470272173893
1.3884463399991527
1.3816876104186988
1.406389271300628
1.4167236979475122
1.4187964878782913
1.4250933501860856
1.4364969198583746
1.5226756040315423
1.543809584754179
1.4850707425318068
1.4028332446549876
1.399863956219289
1.4022439137715261
1.4047121163281546
1.4051423479933625
1.4133854512797421
1.4322508262541356
1.4321680510002208
