851.2617571665434
754.4700841626086
710.2443119695519
686.4798215134447
671.4495663638507
661.9310888729531
655.5925992013193
651.7524665836229
648.5493518357065
645.6130975502599
643.067873881767
640.7718447805406
639.1666277347326
638.0459847340182
637.1111991662375
636.4830759164033
635.8837689607528
635.037071537584
634.3982237361367
633.904013096539
633.2461505320772
632.4994253250192
631.6839349320901
630.5713184684388
629.822236373892
628.9602192906133
628.1048808419065
627.2391369717635
626.4370975892901
625.4904220430644
624.8051373462632
624.3389699167909
623.8960789377475
623.354795506301
623.1017777045672
622.8957046614153
622.7496398835995
622.6009037299477
622.5326731552083
622.4405048697395
622.3575702877553
622.2968859182885
622.2480130185035
622.2050684842656
622.1743041083043
622.1349313454349
622.0953869253074
622.0567639479119
622.026501392217
622.0009168472789
621.973163426788
621.9533897397047
621.9378951282583
621.9293231523017
621.9176912862085
621.9028171454156
621.8789154884006
621.8581106077215
621.8404070856759
621.8227472765639
621.808104917384
621.7943397186847
621.7813772644565
621.7736766533601
621.767185541574
621.7574123819336
621.7461297847532
621.7072967414734
621.6748291042607
621.6442725339028
621.6070526732136
621.5760469670919
621.5674064720647
621.5673457304122
621.5670158076084
621.5667302814885
621.566603994808
621.5665655824816
621.5664158963443
621.5663318641779
621.5660373092521
621.5656290263274
621.5650682662159
621.5644387686262
621.564148152939
621.5639009045409
621.563447748554
621.5631432177323
621.5620483355333
621.5515385429945
621.5356889399693
621.4562730354432
621.3630594674728
621.2200910828299
621.1486995371856
621.0949437672456
621.0644056512331
621.0588761419758
621.0580750020546
621.0576535349227
621.0576078514285
621.0574731693379
621.057217032398
621.0569405240911
621.0568408801181
