854.3458550710692
760.0523475531937
725.6355528892898
706.2428642560401
692.4452241254962
682.8287410942794
675.7663814667739
670.1507321410995
665.6814964876259
662.0037230654707
658.7841557479388
655.7333208264514
652.872648631672
651.2177905265187
649.7551532816674
648.6017971108516
647.7227716602954
647.0044569711382
646.3045654628852
645.7553170769706
645.1898254325806
644.7036715711813
644.3335386304852
644.0616653223028
643.5827450250096
643.13807479991
642.7382883570037
642.4221487972123
642.2605412252029
642.1385103144086
641.9374611923656
641.7370923592172
641.5090431747661
641.2904692439616
641.0549272842459
640.8410110030464
640.7143147706329
640.5926155319056
640.4840422457644
640.359907273891
640.2757009121757
640.1974249654099
640.1024088904351
639.9681986782875
639.7663631107694
639.5270291899357
639.2740698981773
639.1340854804896
638.9540910401511
638.7114372234967
638.4085615498984
638.0718912021256
637.72237596115
637.3862974666633
637.0665425874415
636.8194064751353
636.5718699669029
636.3873967008958
636.2434731411398
636.1432179608511
636.0776319561147
636.0256543260507
635.9368178623552
635.8610269511345
635.7760203894976
635.7096850063849
635.6516643192958
635.5876410018124
635.5077894712268
635.4334612581649
635.3535234866415
635.2678716646782
635.1925850941536
635.1377521316969
635.1070285652164
635.0778134382757
635.0302718267503
634.941614566747
634.855956359938
634.7906949045802
634.7485977500927
634.669402383152
634.5366180202849
634.4165073716681
634.3310165299869
634.2040107227493
634.047299114685
633.9010815210283
633.73451688794
633.397547303751
632.9894793497958
632.5800876458204
632.2215055059252
632.0297983363265
631.900334719276
631.7670148020103
631.5874725316438
631.4756980092474
631.4340943837273
631.4179775088368
631.4068901026889
631.3816546757967
631.3546305216631
631.3251976982945
631.276224648659
631.221854847409
631.158288178246
631.0990410911517
631.0508097202816
631.0207328977554
630.9866469050744
630.9509113679717
630.9089891096313
630.8804565556056
630.8496308251111
630.8272778255104
630.8117464039517
630.787116052546
630.7612845301219
630.7328471060071
630.6734826180111
630.592864726242
630.486005079309
630.3586738535295
630.2651138765112
630.2199029380923
630.1790066438874
630.136198079634
630.0607602694661
629.9696209800533
629.869399798939
629.7911289463422
629.7279740102701
629.6435314728801
629.5350939487215
629.4421802441627
629.356544195617
629.2403146533262
629.1276351933975
628.9829671919118
628.8521977421889
628.6709728777688
628.4730417073476
628.3534514987138
628.2381950308688
628.112863887613
628.0079488539063
627.9061288716332
627.7961400445116
627.7372876311828
627.6962353071424
627.671752253715
627.6367964022538
627.6018526158407
627.5788516023425
627.563910315553
627.5485106500016
627.5411288713753
627.5385604562848
627.5374153752723
627.5279474369746
627.5199270944905
627.5138868519637
627.5026779483939
627.4855532893595
627.4652393559039
627.4425412908936
627.4119650309715
627.3769185187667
627.3549328077768
627.3375907132111
627.3323536652789
627.3266332199382
627.3235669006458
627.3226318343319
627.3208970986626
627.3129374549275
627.305581470422
627.2987620946888
627.2970879348245
627.2930239035403
627.272715014585
627.2524425145589
627.2325794901009
627.2112634735021
627.193522842352
627.177331141267
627.1663441626861
627.1577055931041
627.1481660070131
627.13585056629
627.1343681907535
627.1223182669269
627.113316094066
627.1053555984893
627.0947863113195
627.0870145205184
627.0765529098281
627.0653750766996
627.060442010954
627.05782539462
627.0560355680763
627.0554321852183
627.05505924006
