849.2262277791178
766.8055586860386
729.1943593093285
708.0257428019466
695.2278875942495
685.5012398116195
677.833332565907
672.3893164390307
668.3111715076624
665.0260252867909
662.6746269975664
660.7957364810347
659.1665176905777
658.3494552261511
657.3602339910402
656.4847295965249
655.5731435906578
654.4493726367974
653.307859210656
652.0257035819947
650.3720923546188
648.258061804022
646.9712816155054
646.5622169873609
646.1368671540691
645.7495527396205
645.4630462567628
645.1314790275197
644.8319405051313
644.6330803726299
644.4473766496207
644.2854245439651
644.1297357836127
644.0263352771998
643.8718711889924
643.6765996620005
643.494427166301
643.2697572482505
643.0210568959442
642.7324706720108
642.5186986177753
642.2457800305099
641.9071899462768
641.6181515810424
641.3155604774108
641.1028185997737
640.9505268977041
640.8565197636341
640.7702014639203
640.7118593306459
640.6488722444739
640.6048049491711
640.5772319142135
640.5440647254094
640.4847472668598
640.4602426443271
640.4275543803111
640.3822726753211
640.3088844614955
640.1843295969823
640.0496584597304
639.9218630127325
639.7842862588706
639.6975616939062
639.6067989827544
639.4882400135403
639.4645574894395
639.4431875365284
639.4163300407425
639.3785033321262
639.3168205591195
639.2702970805398
639.2148260015239
639.1685572483244
639.1224305232402
639.0974144749663
639.0864608121608
639.0775251309019
639.0713174346613
639.0531404588073
639.0393208044228
639.0336401292358
639.0262959684017
639.0246415587034
639.0236972602597
639.0228307654552
639.0226855569227
639.0226214334218
639.0225545758977
