811.457346324293
706.6135335268159
675.8609996152118
658.9841148558039
648.4650933212739
642.4923119769123
637.6984020820796
634.1439117628834
630.9770330658697
628.3529013771846
626.7366793248256
625.5705326948129
624.7292416422175
624.138604232037
623.6207242846552
623.2166537334441
622.6871587680479
622.126518806696
621.5120502077973
620.595145306903
619.6798455894814
618.9475545273732
618.3162244624226
617.929778369413
617.6758980292151
617.3502094974718
617.1386925802608
616.9457129684608
616.7385889166394
616.5147076943522
616.3644289689473
616.2792197158761
616.2024557769045
616.1396522396943
616.0790926239697
616.0250662362972
615.9788146953756
615.9409985156406
615.8992891419329
615.8505788302718
615.8080024434872
615.7752495499277
615.7145561803734
615.6591453265603
615.5591789284146
615.4771138118451
615.4333834131136
615.415762774667
615.4045049556081
615.3966886245476
615.3905305890827
615.3780534025273
615.3703525794461
615.362413300527
615.3580364666487
615.3565163131908
615.355705020675
615.3553381164182
615.354343024818
615.3532872745699
615.3522037577154
615.35174529384
615.3513612271988
615.3511396135214
615.3510122505401
615.3509583555012
615.3509038487098
615.3508776717036
