829.1375270913458
734.8199952424728
702.3651863893817
688.5587967373302
679.6880489315964
674.0718748753818
670.1974280341248
666.8818429970164
664.4717696585142
662.6341297372855
661.3100755222649
659.7048554881009
658.1056284640516
656.6775847565888
654.8064823263716
652.6203080332646
649.9801435217092
647.8820874420715
646.2364163550106
644.8541985727595
643.3805370849082
642.5842221134458
642.1278326659523
641.7783048024952
641.2731575437263
640.5890951867055
640.0724930982453
639.6229402169193
639.2244613592218
638.967250911577
638.7462828362438
638.5116695552433
638.2947392081516
638.1143126123537
637.8843487924719
637.6558633477156
637.3463778950664
636.9632489032732
636.721367242817
636.4875539020863
636.3097358891798
636.1876126867247
635.9632847966226
635.8014194880068
635.6678095319533
635.5762394183596
635.5225277378225
635.4666706500533
635.3902057870677
635.314895702592
635.2559647491428
635.1850763831263
635.1340214020709
635.0661017525277
635.0324182998555
634.992789186123
634.9273289825919
634.8500624477418
634.7433358077122
634.5731639833851
634.3323926492038
634.1120046589872
633.9222438891846
633.6694789256803
633.4672805865661
633.1940442140365
632.934839947307
632.6941647193626
632.4013391051889
632.1192276151439
631.643545334487
631.322047396492
631.0740574582375
630.8916961045699
630.6495186982098
630.0700211821406
629.3639947717837
628.8821231329536
628.6474115042842
628.5267443108488
628.2339337134591
627.9900977339237
627.8427957040433
627.6341001265126
627.4609545912589
627.3625536633093
627.3060757612326
627.2718803005505
627.2484367483886
627.2150914440485
627.1760251473111
627.1496452482281
627.1166964006858
627.071804080422
627.0625593768954
627.0551695517811
627.0418519667802
627.0286368168249
627.0088615911264
627.0038608498877
626.9988967949647
626.9958523983487
626.9945985841196
626.9934189941905
626.9926975344836
626.9925587464763
