5.55460387629355
3.168765192926746
2.991924934209376
2.9182242899180086
2.9596019086591596
2.9125950588848397
2.9630233571085234
2.9373449976967363
3.2367517700460153
3.335041020471458
3.1216789583909708
2.8188824054066886
2.828217739987792
2.940090129821349
2.83032707982215
2.846924591927784
2.8675034199906815
2.9302356869809443
2.8640149163472355
2.7917057276121464
2.7649755431992884
2.826405564750181
2.7870395772554626
2.8130470742506337
2.8336641592433627
2.8713981930859287
2.8713746124769526
2.8368124663564283
2.8041945973234497
2.784047558240782
