17.662335252236605
18.02433965992152
4.315812863880008
2.1529117959611153
2.3334083413252724
2.1676362370875983
2.2675564730735136
2.2095644722612335
2.2574255264182717
2.2057622449794634
2.212148420964578
2.2855439129140667
2.250274866049733
2.2186686392291106
2.2815117768503654
2.252287313134893
2.2347845469653294
2.4278677625922582
2.342195224746373
2.2927044958475213
2.3174086646422247
2.329437467766779
2.343261448265432
2.2999014332147265
2.351349644476146
2.2946863964173514
2.3419183252479137
2.3371693433353706
2.3641259699183252
2.314377784607652
