11.35801444149858
3.086009388091832
2.922966657561712
2.9578337730526028
2.9114739832792833
3.1653070958007476
2.9065914810869775
2.9522984586066765
2.9894111305624804
3.232279487166961
2.9761567385496823
3.1029809574483864
3.0960867718531673
2.977318249728089
3.0677856720263708
2.948384640510801
3.2182771305766766
3.104644933285281
3.5161435384780155
3.1050207533544976
2.832501443814993
3.009782120229947
3.251600770519027
3.1657734727264226
3.0068007242016197
2.9158519285369913
3.7119240320376323
3.031052304425191
3.6302210355080198
3.014745248338092
