16.72473478107899
2.892811932686388
2.6446944272468165
2.707061153481844
2.6619698809129853
2.7377199226025177
2.769543526443486
2.787994760761045
2.8038883720190015
2.760636404492847
2.783028950605121
2.8628053573477454
2.751135520049346
2.768307646794502
2.7096136215988214
2.7476560161486767
2.748912594373607
2.76970671180393
2.845990904792759
2.6997285480944155
2.7129090051659865
2.6861838533118707
2.770479487140231
2.7228781100257895
2.7442981474800763
2.7711125777881964
2.7964532463483054
2.754178891135113
2.703860775951095
2.693274269356537
