16.115754208161697
3.0012949551436354
3.0040282547754464
3.0248647495268424
3.0051101698440377
2.9933001702155138
3.026427219807693
2.95837121061593
3.04940390446836
2.9801634014925438
3.0347935703293447
2.9705966275370743
3.0053197314307414
3.0091802455628147
3.032660200480992
2.994279021940265
3.0430755527659574
3.0488669711331586
3.049399311671112
3.0524586299545216
2.9703257185478873
2.997480637106897
3.1680241539348373
3.1021953857096034
2.994017064105601
3.0572016564678175
3.0188116384859778
3.0239197284674506
3.0305929590654412
3.1959385624724663
