814.7013903854441
715.5234829168583
673.1894021309773
649.9801683632267
634.9896821236837
624.4782790581842
616.4044106040766
610.0666555294923
604.5446628202602
600.6054239709592
596.6114342222126
593.5395848505552
591.0034553654016
589.0072450436463
587.0279156308138
585.2632828397657
583.6790400678707
582.4038329534126
581.4234406079087
580.6545360256918
580.0149212592057
579.3697926432648
578.4359776456912
577.3504341692498
576.2277095395735
575.4578226225948
575.1386139309512
574.8568075910415
574.740990227547
574.6432052125962
574.5705878785667
574.4472785021699
574.3578168502546
574.2690799158438
574.1989706338111
574.0415817287152
573.8243454537936
573.6896770084469
573.5684814074777
573.3978894605633
573.2997108517059
573.1714057860917
573.0282052878737
572.8378937159216
572.7093204997735
572.5497147514693
572.4766754364873
572.4139330613626
572.3860396072707
572.367447346068
572.3569138837182
572.3494134907293
572.3408462917164
572.3330612829468
572.3283193074831
572.3245596680649
572.3221366591702
572.3200175918914
572.316625743904
572.3099043370189
572.3039261235393
572.2990650449311
572.2944475965853
572.2895147581734
572.2828254221071
572.2750496980955
572.2665256033473
572.2555237731775
572.2392555339885
572.2062368065053
572.1896891780736
572.1636042477803
572.1470504674568
572.1302578250807
572.121519319817
572.1136285753518
572.101300888045
572.0895309399511
572.0735554911948
572.0488546976702
572.0175444939445
571.9854927855016
571.9587448723661
571.922303958409
571.8835259369805
571.8307252874929
571.7747428246392
571.6824323309462
571.5808769620855
571.5100299153653
571.4100795467682
571.2930469294053
571.2419546861126
571.2005313274808
571.1217145044224
571.0494039977553
571.0303301094398
570.9969747610135
570.9759012137389
570.9467898407473
570.9189836891011
570.8918515438796
570.8681175799694
570.8374029061893
570.8078986188791
570.7837205739897
570.7605367953097
570.7352378268868
570.6936534232373
570.6513844088505
570.5749738697203
570.5231416731458
570.482228699358
570.4324344982633
570.3203215143993
570.2156831391853
569.9685301846316
569.6854839807362
569.5333714369227
569.3799487262127
569.3004151336837
569.2541239672541
569.222268196038
569.2151257588437
569.208985111403
569.2054805595722
569.2026365733784
569.202163860196
569.2018310244403
569.2014757935077
569.2009423123117
569.2001465878129
569.1994373636163
569.1992399111876
569.1990250640132
