822.0793618666985
709.4930904416802
659.9337964300445
638.7265828708462
625.9014473687131
616.6998486439793
609.5560436514469
603.0625597807673
597.1524154372476
592.9751220299836
589.4993447709151
586.5368770342967
584.0150550010843
581.5168679321192
578.9363218933512
576.309493395402
574.3230012049371
573.327510860097
572.6048465052577
571.7866823637033
571.0975977386753
570.5048261461378
569.796955796705
569.2409374712801
568.8344564966101
568.5274265799137
568.2960988489356
567.9864182761636
567.7195312349359
567.5749415501645
567.3435468617837
567.127572561886
566.931008665061
566.6715879512027
566.4364470548945
566.2352071475079
566.0084374747623
565.8260666715072
565.6426385943204
565.5063750221507
565.3857763348868
565.219867369326
565.0301382622577
564.7757752731743
564.534599489817
564.1666480415445
563.6939580879381
563.3377164735037
563.1845494629055
562.9985181751963
562.8136139493162
562.5992487895746
562.3153992285852
562.1067996445851
561.9522800258962
561.8255724621383
561.6715059890543
561.4534586214143
561.3131851948456
561.2291008921121
561.1565125428865
561.0726228575036
560.9472565183746
560.854355022338
560.7921272044229
560.719601773186
560.6467322133656
560.5655423599509
560.543577138959
560.5182136173154
560.482204544576
560.4578687885271
560.4380974821419
560.4275024120418
560.4208395107706
560.4113564307119
560.4080165427869
560.4009217038367
560.3950336497619
560.3892099050578
560.3755646257343
560.3613411941566
560.3453793460177
560.340788629474
560.3340515048111
560.3077654008671
560.2135463992371
560.1761313997649
560.143592361552
560.1114859417609
560.1027038063523
560.0815915612444
560.0691373810204
560.0673467586639
560.0650518204641
560.0623692432991
560.0571214144514
560.0526834927182
560.0462219795285
560.0452483589486
560.0439058842803
