789.2485603015809
703.1888195672714
670.5276295452807
652.7072766497034
640.7725458820439
631.8669315101924
624.4047614809232
617.8853339237094
613.2852394537684
609.1258466309865
605.6149783480073
602.8270344674606
600.6579659376135
598.403151097116
596.5359276023695
595.0413153838701
593.7216556870956
592.8798724019048
592.0303355412453
591.3661134676622
590.853988753843
590.3452083161732
589.8402829417823
589.4864080678931
589.1353155662871
588.7226015845239
588.3168890622475
587.9873545109871
587.5775078159594
586.9326120303186
586.4063447882596
586.0475975111162
585.6436868125016
585.3486080178506
585.2007936265434
585.0422984683338
584.9455929930281
584.8194168492512
584.6942367491572
584.5780740989501
584.5213307791541
584.4712675306881
584.4332961087234
584.3633429382103
584.317632417928
584.2803116260828
584.2448336056668
584.2076557884419
584.1504948604306
584.107514171276
584.069308092793
584.0127409601698
583.9421190501739
583.8663620907781
583.7523475729869
583.6980954081627
583.6194258074659
583.5652167529308
583.4641179940105
583.3629387730191
583.2483392997972
583.1343820192636
583.0225780422136
582.9197849151624
582.8493790597842
582.780253755262
582.7322492478754
582.6892605812579
582.6458424613131
582.6341691386086
582.6217440367013
582.6083953234852
582.5851910826442
582.5412325766077
582.4937610003403
582.4624708134498
582.4383559991593
582.4220380268009
582.4128872247342
582.3961219667077
582.3865577412427
582.3818824104637
582.3758257747315
582.3654100181304
582.3518810336016
582.3331839399315
582.3171728492594
582.3048478362634
582.2940888392311
582.2868666454715
582.2788612858263
582.2726821779487
582.2633328823944
582.2539373771995
582.2375017259933
582.218815291518
582.2092401425497
582.2022072592097
582.1925520991398
582.1853609856878
582.1732128033176
582.164185796122
582.1584035828278
582.1411877932348
582.1272024097923
582.1055204175749
582.0868002778498
582.0668644455554
582.0539364561519
582.0301572325017
582.0094131398901
582.0044385368034
581.9997359793358
581.9933554940761
581.9882297559624
581.9863503823145
581.9826722715749
581.9773008166437
581.974674786628
581.9716019835569
581.9674762932116
581.9605364926341
581.9526836727846
581.9454583745055
581.9379154558407
581.9295421411869
581.9261975634121
581.9218551085075
581.9166533244786
581.9058993872943
581.8869647634457
581.8596725285756
581.827185969945
581.8007351853561
581.7822462519265
581.7693443687117
581.7637483830898
581.7580993294175
581.7514763562117
581.746989846271
581.7423295247415
581.7328511884069
581.7238268309835
581.7182334555048
581.7129549329162
581.7035971444636
581.693411870493
581.6845374486478
581.6797963973892
581.6716979760878
581.6689098640537
581.6665111374788
581.6623187190022
581.6577153511354
581.6565742949642
581.6551069731648
581.6540256401641
581.652866200776
581.6516699335195
581.6503271331537
581.649134475475
581.647938460958
581.6458705215283
581.6412238187186
581.6345766918317
581.6262395603084
581.6185695902087
581.6087446923798
581.5991933697609
581.5931441319307
581.5910608735118
581.5898665457037
581.5878161878305
581.5858482051041
581.5839197588575
581.5814691052312
581.5757233112128
581.5670194006645
581.5558041418382
581.5389580200055
581.5146906824905
581.4968204282515
581.4791224762492
581.461522254165
581.4447880802646
581.4325167683235
581.4236852557981
581.4138811682697
581.4015423666692
581.394719165788
581.3868881639597
581.3775227796997
581.3675051779798
581.3560578252385
581.3484567209998
581.3440489787573
581.3398352441438
581.3358081183851
581.3334904264719
581.3312912723309
581.3276326999412
581.326125614164
581.3249138791804
581.3228460065085
581.3204117300543
581.3171142413107
581.3134353559448
581.3098632940032
581.3048376535834
581.2973223285718
581.2892525757098
581.2800458560085
581.2738962606684
581.2675656341694
581.2614709302098
581.2559846376785
581.2464172778826
581.2420706163977
581.2413779251497
581.2387561817117
581.2377884859876
581.2369257258231
581.2365306376488
581.2362906885355
581.2360540535581
581.2356711163213
581.2350250674857
581.2341460054668
581.2335878659566
581.232929075435
581.2313897101484
581.2297768899299
581.2276929763369
581.2257846345151
581.224052088233
581.2232137503873
581.222681979867
581.2225715519663
581.222463297209
581.2223909130538
581.2222125923329
581.2220532208305
581.2217786849523
