785.3645114273198
695.0352377291931
659.4176104868455
639.2364344320645
626.4468938717808
617.4535794227353
610.5377889098695
605.6852726209901
602.3939860146606
599.7277931409872
597.4006463571275
595.4908337773328
593.6602917974919
592.1390746082249
591.0532786187304
590.3309915388254
589.6381155625619
588.9803679101333
588.5238738468205
587.9789753696198
587.2673887614939
586.8153122329571
586.4262180625112
586.1583773342351
585.9728467213351
585.8314700560778
585.7004001936629
585.569173343842
585.4324911256967
585.3079378778325
585.1996885644331
585.0832151642016
585.0090205833927
584.9463789684788
584.8549635925882
584.7878767961098
584.6557589208793
584.3813784905326
584.1731904199104
583.9728582272269
583.7303329453031
582.9723757357029
582.5863119132742
582.1026348644517
581.216772753857
580.3765335339494
579.7345471753438
579.3879399546862
579.155756989582
578.9044683208087
578.6866866379154
578.4731150943785
578.2852636111573
578.0986437925997
577.9104057334238
577.7487787884064
577.5790845228689
577.4521980034895
577.243774322753
577.1244244713465
577.000739751013
576.8870486018028
576.7578963695412
576.6538040966224
576.5751891191586
576.4898090068382
576.3791457188931
576.2400195583501
576.1281143484937
576.0389536919737
575.967135523731
575.8739037487891
575.7927350465101
575.7284415004802
575.6371816843958
575.5252254006074
575.438079656197
575.3325333332959
575.255076712274
575.1852379982365
575.1107750176982
575.0565224205972
574.9941731479189
574.9248611576794
574.784481175916
574.6092631044785
574.4257436800524
574.1829699833825
574.0236466235175
573.9042171680662
573.7680790523732
573.6549702045392
573.5571651755427
573.4761562066642
573.4224048347247
573.3987169597166
573.3730198102878
573.3532092602381
573.3337338387036
573.3125463795133
573.2988945141996
573.2873955418721
573.2688418745871
573.2308172020075
573.1756013238282
573.0918660685129
572.9567216124639
572.8205056855172
572.7712477799283
572.7209666745424
572.6758575141446
572.6238325764322
572.5828167445288
572.5360982671652
572.5181942751344
572.5060438694373
572.4985856312949
572.4900784265687
572.485421002059
572.4815790836066
572.4750149037353
572.4588703520195
572.4458310162994
572.4335488046271
572.4271126305147
572.4229169490575
572.4175835077116
572.4113531630175
572.4050200631336
572.3992992189218
572.3929025797881
572.386771342252
572.3795905312658
572.3735197450658
572.3693330803303
572.3659643367654
572.3626632608618
572.3606933932988
572.3587137740916
572.3576122734756
572.356574670952
572.3558102848002
572.3544893480538
572.3534844724071
572.3517770765469
572.3508903646477
572.3497577108201
572.3490998953672
572.3484508812229
572.3477762806789
572.3473171646103
572.3468529348539
572.3468164854437
572.3467594282304
572.3467172588304
572.3466449882418
572.346566718724
572.3465408138745
572.346516255097
572.3464129510689
572.3462329038148
572.3461661758968
572.3461324965185
572.3460280105706
