842.8710676216704
735.698336416545
687.4817247356474
658.5346223537031
641.3013963368945
628.7950620934118
621.1475567052654
616.3809046129618
612.3052913875919
609.0022296852644
606.0395457920139
603.4322992179823
600.9226702128051
598.5976803727874
596.9106020620627
595.7687098505501
594.486554988336
593.2406848182476
592.0880760456558
590.9002746805485
590.0249944894719
589.3298734619727
588.5305396024717
587.3801010941085
586.8194383633296
586.2988209964133
585.6947003631993
585.1232181625965
584.700498150025
584.4587987335585
584.2726947047348
584.0706800935444
583.7932622482809
583.5976908151173
583.3692273635635
583.0569992758693
582.8300216808974
582.6243363622616
582.4790390444304
582.3380751673602
582.2733666629354
582.2267922158221
582.1875453557861
582.120827707564
582.0566890078874
581.9694983662106
581.8551156519105
581.8146441313656
581.7835686523409
581.757255425844
581.738159521078
581.7323808819568
581.729769327006
581.7279457001031
581.7267125091644
581.7257005636359
581.724793945447
581.7236382280073
581.722038412715
581.7204560228355
581.7189868550756
581.7186401712326
581.7183062891976
581.7178665202504
581.7170465055658
581.7164810088085
581.7162198319003
581.7151813970526
581.7144244740415
581.7141389413715
581.7137992875403
581.7114778963494
581.7104490057219
581.7100493319755
581.7093280722454
581.7077491067956
581.7026100553873
581.6850688880043
581.6720575798801
581.6598846942791
581.6541463391903
581.6459420003108
581.635954622873
581.6272063041484
581.6141962781461
581.6005897679697
581.582012953414
581.5586073031315
581.5298409044639
581.5109464202404
581.4879218713718
581.4470455134643
581.3959942601952
581.35640015117
581.311992693763
581.2708534252673
581.2234637586766
581.1899306967271
581.1544982773406
581.1251290596769
581.103772302599
581.0727871429289
581.0460280093232
581.0281100699132
581.0164922974134
581.0018521183998
580.9902113929543
580.9576059897719
580.8882275538527
580.7926835145387
580.7010186246806
580.6402863807314
580.5795224509753
580.5225036315233
580.4589733274881
580.3529172450534
580.2674665174793
580.2222449991116
580.1759759414111
580.1232825437137
580.0732852571124
579.9967545714944
579.9176913810538
579.8682789911566
579.8104754638913
579.7375829225853
579.626912537391
579.5196361914229
579.4316540778187
579.3199126305544
579.2223156605544
579.099282136271
579.0253217500917
578.982283281577
578.9297326699503
578.8298300849709
578.7124101682629
578.6163054642321
578.556997314591
578.4937724478585
578.445055216127
578.3962881446777
578.3332823323842
578.283758119177
578.2230461723026
578.1635744277035
578.093953083548
578.0035637204297
577.9523367983446
577.9087755479394
577.8681977405566
577.8350648514978
577.8088119819737
577.7894327254412
577.7725645116914
577.7615056147371
577.7494511221364
577.7374606926448
577.7273097249436
577.7180082484066
577.711534369256
577.7063475395347
577.7019597708195
577.6998453515216
577.6970792076993
577.693027140897
577.6892199161534
577.6844943785027
577.679138880033
577.673142974024
577.6665081730011
577.6607638888103
577.6566518794408
577.6522353056
577.6496784534676
577.6472174766647
577.6447532621349
577.6416662617283
577.6383398951334
577.6361810282561
577.6343921592455
577.6330684378227
577.6319525763392
577.6297727833148
577.626759731346
577.6228147101516
577.6165614140987
577.6071249379047
577.5876955644088
577.5754041196882
577.5674735401043
577.5596618541343
577.550489462257
577.5472716967554
577.544857656542
577.5422392713989
577.539576713366
577.5367462508727
577.5354034656395
577.5352806990621
577.5351981267237
577.5351703594781
577.5350570610623
577.5349418567747
577.5347532453178
577.5346390502924
577.5344412532935
577.5338950029897
577.5331203605767
577.5324438436338
577.531988236129
577.531535283642
577.5313615123464
577.5309858976498
577.5309074205252
577.5306907840858
577.5302885099527
577.5300907767875
577.5300637576838
