368.8572782968756
328.3804647943814
312.0959435834719
303.5223953631148
298.25552188120105
295.1680446108683
292.88632761164416
290.9724329610027
289.25073008576317
287.85344394283095
286.64583383465254
285.8520661204013
285.286356787569
284.8107174137054
284.53696899822376
284.4068318447622
284.31459404487396
284.23161909220096
284.14503231791304
284.0638043568521
283.9999753689404
283.9345188727614
283.84766421331614
283.7585015337883
283.6627302272634
283.5783674510956
283.5308182620666
283.4767106054183
283.39831487753963
283.32605656892406
283.2633196613722
283.17833009138326
283.05118221260847
282.94471165951506
282.8359763179911
282.72901042358626
282.64800208471775
282.5769530549544
282.48657063628013
282.36554831629667
282.25948343720006
282.17248375768247
282.09053266579565
282.0228686756463
281.9660361186517
281.9300843325411
281.9068457449802
281.87239846614676
281.84093219939126
281.81408416841884
281.7771975780294
281.7238948937448
281.6885411268586
281.65166730963267
281.6248265328774
281.5671537669952
281.4789277991081
281.4036277972828
281.3470345579909
281.2708693968109
281.20355465781853
281.1275177646711
281.0586589876833
281.0277088775202
281.0027879424128
280.98281416793026
280.9740706577257
280.9651074681811
280.96103085847795
280.95822121043267
280.9558008518941
280.95362442446543
280.952186494171
280.95054362304444
280.949212981656
280.9476972664599
280.9464409311462
280.94456397963694
280.9420186467719
280.93846977997845
280.9327886016286
280.92669642705647
280.9219398719965
280.9190664653297
280.9162310541523
280.9137601763815
280.9103836441618
280.90700491647635
280.9036842221188
280.9008547304247
280.8968888113719
280.8921072986728
280.8888899158804
280.88600077436735
280.8832874822397
280.8797725002426
280.8749609430409
280.8708757262444
280.86806239248483
280.86564092651975
280.86421879988353
280.8629698265483
280.86179797562687
280.860418810842
280.85876452228433
280.85660036649
280.85374131902216
280.85093953680644
280.8488286028385
280.84613652748425
280.84346042072355
280.8404586362818
280.8366080728553
280.8324395773467
280.8286311876857
280.82312461359066
280.81889804961247
280.81552106771863
280.8127121576836
280.81003177925874
280.80727454487015
280.80539162014924
280.8041312928863
280.8027796560719
280.80171359972303
280.8006393549742
280.7988723709155
280.795652308856
280.79236165635626
280.7906929034928
280.78898345144046
280.7879308884735
280.7865004437465
280.7844571078024
280.7818392112586
280.77964852313494
280.77790069962884
280.77655198968364
280.77502322408196
280.7739054009314
280.77324459441195
280.772231677214
280.77069279716056
280.7682884883827
280.76715862634774
280.76682250888365
280.76639398603226
280.76598417253956
280.76473652395384
280.76323816948496
280.76274111782317
280.76209435504694
280.7617054061176
280.7613669647682
280.76062284170723
280.75978096109264
280.7591945975337
280.7588407866116
280.75840141275125
280.75798362330903
280.75721348110693
280.7562428687327
280.75549139487975
280.7545714202846
280.753339657286
280.75178593241935
280.7500457172425
280.7484010022657
280.7465665164355
280.74448070767556
280.7424016202665
280.7405234062402
280.73908937032553
280.73739220741464
280.73565529992356
280.7337006548791
280.73035159882477
280.726301577548
280.7220842989967
280.71913515931914
280.7169659447286
280.7151026085624
280.71235256687777
280.71073560148955
280.71003100849816
280.7096042491027
280.7092609475945
280.7090846032344
280.70891154982405
280.70883324969077
280.70878341231554
280.7086741917892
280.7085031803247
280.7082311377669
280.7080408949601
280.7077897609003
280.7071061679383
280.70666030124795
280.7062395089679
280.70589086669213
280.70557091796877
280.7053545008517
280.705200302401
280.7049618622594
280.70475189098084
280.7046264849404
280.70443538470465
280.7041346597223
280.7040266889719
280.7039381436014
280.70369730927433
280.7034661330638
280.7030943666361
280.7026577877745
280.7025392528203
280.7023432150448
280.7021961086066
280.70203401427835
280.70193460488457
280.7018522406789
280.70179763820767
280.7016975410995
280.70131530667436
280.7008047527737
280.7001294774802
280.6987709148179
280.6973751208775
280.6962771603359
280.69606595356385
280.69602399164677
280.6959113089297
280.6958391682511
280.69581805742956
280.6955911893271
280.6952608496073
