410.9362610783189
353.81794124461254
332.68075339023267
322.26624136748495
315.7446092331658
310.9854511792215
307.67001070887414
305.33448870157497
303.3903054237952
301.8169361553656
300.3564415746504
298.72695314458673
296.94122127733624
295.2511334524238
293.78703098091376
292.3237927916649
291.1639229789785
290.05265011175504
289.3126319389841
288.7407167267141
288.287035578788
287.9447144047985
287.62550629894906
287.29503767491747
287.07598190265423
286.89608506681213
286.75192283182844
286.6295017216292
286.52613116622103
286.45272444259575
286.38221757088434
286.2861785113401
286.18151877577947
286.0084078853621
285.8633211700112
285.78335770467766
285.7162517782824
285.6550160729291
285.602028643245
285.54698653578924
285.4835042550551
285.4365198042067
285.4065570409148
285.3706420563037
285.3163940455122
285.2794603522248
285.2348309790653
285.15188067452345
285.0771120471561
285.0324916659312
285.0009010891697
284.9699505719908
284.92882179424123
284.8986625159051
284.881853406624
284.84933336939514
284.8053132611896
284.75912627455773
284.71131951637653
284.6669134037711
284.62631244007395
284.59665810827306
284.57047495048715
284.54614000191793
284.5187971807385
284.49129088022903
284.4634813966272
284.4370147276673
284.4095128259601
284.37866746569966
284.335162327664
284.2896708422968
284.24304827002203
284.20629908113403
284.16610595588685
284.1145349926546
283.9931180033332
283.89169337454564
283.8222077922196
283.75891707680773
283.6964253764967
283.62979389374357
283.5517037626374
283.46097993194525
283.39979625727034
283.33763071685735
283.238879402832
283.10072704307464
282.98390280105406
282.91751778003993
282.87165881065084
282.8331038075003
282.79662686711424
282.7602043733571
282.723825382835
282.6975945594581
282.6712603948451
282.63702489831564
282.5974637976603
282.5487619557502
282.49295728953535
282.44505697734854
282.40620002475043
282.3697848354854
282.33628599738864
282.2944245316192
282.251301585029
282.2081761974405
282.16550054638566
282.1314343762195
282.10033331738526
282.07381879557147
282.04974765495496
282.02623652981407
282.00828029138813
281.99597874256233
281.98199619446035
281.9587045396318
281.9353720997837
281.9070419925023
281.8784838683751
281.84254141733993
281.805957589137
281.7799879593754
281.75013623953527
281.7283510643017
281.7133305388199
281.70230368296774
281.6894889755932
281.6768329590615
281.6656924640599
281.6497116333432
281.6224690787878
281.6021465080724
281.58524754391357
281.57040446983666
281.55910085969714
281.54456647435575
281.53736852245106
281.5298455492753
281.52264312772155
281.5159522528192
281.5115281235828
281.5064147980471
281.49958248099955
281.4925194727488
281.4864650344116
281.4801911063975
281.4734942190401
281.46688953637624
281.45928817974203
281.45373236963684
281.4496821640934
281.44589399456413
281.4421588624775
281.43821264243815
281.43420228066503
281.4295663521427
281.423277315498
281.4161955093256
281.40908628820284
281.4035166390137
281.3960279236305
281.38707836513987
281.37873787396416
281.3727459733911
281.36553279021314
281.35848695347414
281.3507286887488
281.3367878345836
281.326607103235
281.31830643115524
281.3130698499497
281.30735619249407
281.30284032345446
281.2985142574219
281.29425239800787
281.2878530630098
281.2810428085874
281.2729816984582
281.2650839842571
281.2555961397097
281.2464385692965
281.23687662261074
281.23018527909926
281.222194706474
281.2131045327402
281.2045295545451
281.197124361168
281.18711614086857
281.17762068778006
281.16725120349656
281.1551691944534
281.1413442464847
281.12777511434444
281.11793903187356
281.10994256191583
281.1008246214612
281.09132522610895
281.0803285895465
281.0672831498507
281.0554001464337
281.043895662957
281.0346406788535
281.027020252698
281.0164101111652
281.0054140414987
280.9943961355085
280.9772960983837
280.93801865511904
280.9091327085408
280.8910885484807
280.8786648410257
280.8634509669906
280.8537109308562
280.84584766639415
280.83957755523306
280.8344621159136
280.82855991926186
280.8223911320095
280.81519830898964
280.8081399104049
280.8014524647509
280.7955931370526
280.78622555924346
280.78035180245695
280.774932633202
280.7693870970088
280.76428963350986
280.7600902505699
280.75630722563494
280.7522894331426
280.74747124374915
280.740987793949
280.7352311373565
280.7298958909375
280.72505882031123
280.71881310820453
280.7107671489734
280.70459242308385
280.70072136871204
280.69785821274354
280.6948878260779
280.6913234487916
280.68823016081285
280.6854992548307
280.68329408656064
280.68045214846927
280.6770514817232
280.67380417845897
280.66847777156283
280.66241767245384
280.65406019781545
280.6464894030164
280.63935957176085
280.6312223739482
280.62236510072205
280.6078826982137
280.59673993110397
280.5889283440185
280.5815579442964
280.5738647916137
280.56751656605314
280.56072531526905
280.55398853071046
280.5494183539482
280.5463864636302
280.5451906349021
280.5443229837814
280.54261469943674
280.5409300463935
280.53987483353745
280.53889919357584
280.53781966286823
280.5361608860667
280.53302062120827
280.5283421587223
280.52495019732953
280.5233341494434
280.52238100991303
280.52126971674664
280.52024210322463
280.5191312351597
280.51800391739016
280.5171871001165
280.5157424703572
280.51420375583945
280.51197109725604
280.50976378035983
280.5083710107677
280.5069324137726
280.50608300607286
280.5045274505989
280.5021877850867
280.4988051948084
280.4978703107128
280.4968605674081
280.495608866494
280.49484787404884
280.49399193762275
280.4920652658546
280.49161375918527
280.49081779062425
280.49006016711064
280.48947190222987
280.48868307536594
280.4884739654262
280.4882461178706
280.4879674553936
280.4876217076245
280.48741286866726
280.48726616532116
280.4871479722042
280.48626453773824
280.48551938626224
280.48527019825667
280.4850802988835
280.48485421657443
280.4846830813071
280.4845061254658
280.4840613008917
280.4836267087217
280.4834116868859
280.48305979106686
280.4822763927707
280.4818999563933
280.48125994624843
280.48034048552717
280.4789118811173
280.4777204848942
280.4762017303428
280.4743688053805
280.4730648092094
280.4719724100988
280.4704762175455
280.4696425643639
280.4692854771407
280.4692122732811
280.46918309535124
280.4691214645005
