405.24314759074014
352.51837855654617
330.51770433445773
320.0988264129463
314.9773436781028
311.7752044202491
309.3516264691293
307.05637613902184
304.692507278371
302.454538133727
300.59965189307843
299.0917229521111
297.72939349051643
296.7606852505158
295.9103240760038
295.0233173202914
294.2341996906018
293.4631912459819
292.8430098248954
292.28396842425985
291.7567931316567
291.2412220969553
290.6044181964311
290.07362796907074
289.61191992651374
289.23410672382124
288.8235974497211
288.3590712631214
287.87291548790955
287.3360333494935
286.8487040978297
286.4441643050191
285.82834108630493
285.1580361624853
284.56197018008965
284.18168476452905
283.878199752714
283.6426619309191
283.3808435270788
283.169341654449
282.94634626850615
282.7598643358836
282.504607959054
282.21013059635607
281.8993248569244
281.71632931235064
281.6252050259332
281.531627441952
281.4302573899301
281.3222814772223
281.18683312123557
281.1109430114335
281.06840798158015
281.03342778149397
281.00382299727926
280.9725435653352
280.94570563224374
280.9276468520769
280.9105396777053
280.8974798632548
280.879873597939
280.8626199027137
280.84243736238255
280.8254919271533
280.80846730340863
280.7938580726175
280.7757214695911
280.75647263891085
280.73644931367147
280.7179170939319
280.69352547115255
280.65753449959016
280.62370436611707
280.5914547350558
280.5542115917991
280.53102024463516
280.5129792789384
280.49664163027217
280.47501747871587
280.4539970828278
280.4375275672435
280.4290554186197
280.42027640399175
280.411886063893
280.40495255074137
280.399686590473
280.38876262250164
280.37477170410676
280.366669888847
280.3558574324688
280.33511711916094
280.31267605526557
280.2902534314259
280.2787547758107
280.26408853899636
280.24924549776813
280.2398629916465
280.2322594359698
280.22697324373576
280.22190935893593
280.21693685385947
280.2097591806206
280.2037326495768
280.199444508696
280.19534605736675
280.1895282280937
280.183634334242
280.1763894978348
280.16734879133116
280.1556385133944
280.1447959403332
280.13399321676025
280.12912940318927
280.12513339826404
280.12123012603325
280.11862867205826
280.11592800363906
280.11274202316156
280.10883408926225
280.1054134223979
280.10151291170166
280.0968343731912
280.091526101143
280.08574709580745
280.0804203210403
280.0757526470699
280.07058766650476
280.06572337960756
280.06110536150555
280.057242220551
280.05222030016137
280.04689834039715
280.0414179803889
280.03381335922313
280.0270761986006
280.01754935920525
280.0088684950078
280.00097920882405
279.9983307839757
279.9943247392305
279.99005784292723
279.9852649563487
279.9818043140789
279.97784019800696
279.9736647667311
279.96953174430945
279.963321482101
279.9564110218883
279.95114651272775
279.9454872895271
279.93788276091254
279.93200996508267
279.92643033967465
279.91921712788474
279.9129831015585
279.90553263145375
279.899269708749
279.8933104454018
279.887631797479
279.8805413088454
279.8751434137472
279.87077655454965
279.8657252289753
279.86178400249753
279.85729533912263
279.85205075182677
279.84671307758407
279.8426291648002
279.8372707646028
279.83114109115337
279.8230119350585
279.8131019442121
279.80410782053866
279.79514956176257
279.7899637370356
279.78270099168304
279.77316612509486
279.763469641656
279.7551892139513
279.7450679876958
279.7372752155055
279.7336093725011
279.728990452851
279.7254895409106
279.72174515582736
279.7182671956145
279.7143279160722
279.7112475744638
279.7083205930829
279.7060657170893
279.7052555906842
279.70461166653206
279.70406665741694
279.70360604683
279.7027711482287
279.7016589738916
279.6993693150146
279.69606305081396
279.6929390200009
279.68982039465595
279.6858537443936
279.680206108108
279.6762029362552
279.6724156318197
279.6674699128343
279.66338007226193
279.65891949372116
279.6544139152506
279.6495657040741
279.6445542417836
279.64139662182225
279.6367723692054
279.6317558839043
279.6253957604873
279.620682563899
279.6168449628515
279.61247985931215
279.6081888209279
279.600246041063
279.5947028510976
279.58935940589953
279.5836290346055
279.5784298970448
279.57240851202357
279.5631173635278
279.5512435451384
279.53835266213883
279.5300771741033
279.52085391449464
279.5154731340918
279.51065669966874
279.5081489934652
279.5066076298809
279.5055528626585
279.503828117115
279.50237592005
279.50126217666576
279.4997189458731
279.4979267747821
279.496017753819
279.4944943504605
279.4918487959799
279.48960527907377
279.4812557156631
279.4796177562128
279.4781892175007
279.47807425418034
279.4778290732097
279.4772948460598
279.4766277433449
279.4753794500738
279.4742185631599
279.473666980784
279.4726539017298
279.4719575751806
279.4714470783297
279.47067126022125
279.4699851044055
279.46861705702315
279.46563732798927
279.4630621122542
279.45979756062997
279.4572130683348
279.4547167997117
279.452476481375
279.45074258243375
279.44809648156723
279.444422252286
279.4393621195603
279.43228652072634
279.42898317277036
279.42599165471574
279.4212016024523
279.4166068212816
279.4118485556832
279.4065934257848
279.3979291591891
279.38638791875684
279.37634187758357
279.36823529170266
279.35589894728895
279.3434933093876
279.33200512825726
279.30649466199486
279.27516479568254
279.26114275002845
279.24759936475346
279.2399452967301
279.23531167987693
279.23071474234933
279.22450985098897
279.21862574079256
279.2154726759851
279.21310198490676
279.21061458446064
279.207791189374
279.20562690219907
279.20321167733516
279.2006418041579
279.19345027158295
279.1863608545491
279.17904516540034
279.16549588488124
279.15543376522135
279.1359211115972
279.12428752760997
279.1065880863815
279.09234290952116
279.07629289419435
279.04426727708375
279.02680246414366
278.9819015696273
278.94564802740143
278.9081018736559
278.88795465238775
278.8663909831783
278.85801201325876
278.8529183962232
278.84737309497774
278.8441307095024
278.8406864372384
278.8370530014447
278.83410478689035
278.830585928758
278.82896589787526
278.82873840098097
278.828027379546
278.8267873650488
278.82629913387814
278.826227612775
278.82600331342996
278.82562085788715
278.82527733238766
278.82469558375493
278.8229918425856
278.82069252316296
278.8191007413746
278.817633127904
278.81651410005605
278.8160117197275
278.8158245378964
278.8157347908088
