405.40002176777455
349.3045673912078
327.4077162844917
316.04343962137153
309.3735109074118
304.677364777387
301.5888653656614
299.47172623676096
297.70570310513676
296.1977712623791
294.86640523861155
293.74794971723156
292.8361165696184
292.08123935169965
291.4825827885656
290.991178179312
290.6029869306564
290.1797995458395
289.75727347013986
289.3488416206579
288.8860320503911
288.37774550411865
287.98120639460825
287.60136451954986
287.19863683177675
286.85218793538445
286.5107686177614
286.2091685142189
285.9232843003408
285.6951939078041
285.5037113888493
285.29776081622543
285.1475478276583
285.04259714126107
284.953320978411
284.8681475731317
284.7827142020786
284.6868057214481
284.55069115407287
284.3516316281029
284.17018460455483
283.9718297951429
283.7757427343873
283.578863976442
283.4346713225101
283.32954154768896
283.1786702585277
283.0674448018033
282.92774070542424
282.7491714103228
282.5759309891968
282.45234042256175
282.33288002663335
282.24091296397285
282.1507237846813
282.0622592573561
281.9759321936819
281.90037532102235
281.84841734300414
281.79680987234735
281.7545506717594
281.7247477513353
281.6929221782111
281.6608428703881
281.6116954516118
281.5487648306779
281.524816081181
281.4989344170527
281.48166467476346
281.4643224070179
281.4531918274393
281.4513764075587
281.44992624390693
281.4488443560612
281.44742184867056
281.44613667753765
281.44450749197966
281.44350113218695
281.4424143390294
281.4412824607029
281.44070670886464
281.4403228746527
281.44009685656664
281.43992052852326
281.4395865953172
281.4389063761717
281.4379578891809
281.43705214140056
281.434904443421
281.4320128769676
281.4283542704259
281.4246473198861
281.4179370877699
281.4154684643556
281.41241903592686
281.4066162433923
281.4018275301108
281.3978138693184
281.39444494855985
281.39150253124325
281.3880785183179
281.3833898796746
281.3776981513866
281.37385709090046
281.3716766284735
281.36923982034847
281.3664134308609
281.36374267973304
281.360112992878
281.3581558738445
281.3565034546588
281.35419169199344
281.349933358112
281.3448275334523
281.33937355704893
281.3346721240738
281.32901823351364
281.32262279562633
281.3138024966351
281.30698981911576
281.3012846256393
281.29741539149336
281.29379861566684
281.2910059317566
281.28787966208637
281.28394923810276
281.28083864748317
281.27774544459385
281.27443865178213
281.2705068226993
281.26697340094967
281.26016205765995
281.2542694044613
281.2482923608022
281.24186969950455
281.23581119251594
281.23071847605183
281.22439682580165
281.2178995543872
281.2069074713004
281.1957816132246
281.1891121091478
281.1819943337197
281.17455410441096
281.1663157872973
281.15079132495174
281.1306006379343
281.0977187442768
281.04949873364404
281.00564478797384
280.9590253931421
280.9260417375599
280.87030880223466
280.81622611153506
280.7520558652059
280.6882023969369
280.5598602494816
280.4043225930938
280.19854133956693
280.0472315859284
279.8534301257209
279.7586094423185
279.66185690882014
279.5807494304928
279.49601779421414
279.42871854966967
279.3891381108581
279.3557889495929
279.2981117043699
279.2425948834973
279.20948653575226
279.1794051723859
279.1368712326882
279.09101624320505
279.03040271276177
278.98462293561096
278.943743808052
278.904180285454
278.8788041628105
278.8527154125528
278.83533101952963
278.8071099708298
278.77387333384564
278.7291693913125
278.6898016316219
278.65324077025025
278.59399978650316
278.5088939037186
278.4332358329735
278.399838697746
278.3708985146017
278.3455017368839
278.33009570054327
278.3212014119162
278.3169227791357
278.3124948468887
278.30837233347023
278.3062436583747
278.30352954444726
278.300428151641
278.29837558142657
278.29663892789017
278.29540321691945
278.29398693969347
278.2910860162847
278.28768360670335
278.2839108571136
278.27902672340986
278.2738516873455
278.26923938578847
278.26648682418016
278.2627205863657
278.25995969050837
278.257894698143
278.2563710914486
278.25507299180896
278.2540737646229
278.2531028406742
278.2514344058768
278.24965982082
278.24785801378465
278.2450625089936
278.2412989424259
278.2382124633544
278.2350730223386
278.2339626817339
278.2329186477881
278.2319047426731
278.2310896550439
278.2301949976464
278.22894064013514
278.2270395050023
278.2250315552483
278.22331120355
278.2223362320101
278.22150695982805
278.2202245718081
278.2189548955504
278.21761482956293
278.215965961266
278.2120601575743
278.2064418535157
278.20325337166196
278.201561528312
278.1996295211923
278.19807358368536
278.1961599623122
278.1942964044855
278.19201671186005
278.18931668688214
278.18645679086876
278.1838487395291
278.1814120844183
278.17857024032554
278.1758814233578
278.1723589825629
278.1681350579243
278.1643058288495
278.16088733221005
278.15705801415373
278.151566042319
278.147739943015
278.1451229717315
278.1421977030389
278.13795203638546
278.1349953159803
278.1314238788568
278.1272803949495
278.12279491308243
278.11729278102234
278.10562814273703
278.0931325553798
278.08724685742783
278.07894958395553
278.06845434270525
278.05996910668756
278.05144821430883
278.044252971969
278.0383970245403
278.0339113929876
278.0277728829293
278.02182408605603
278.0186575524075
278.01531794908533
278.00952537261946
278.0046011576066
278.00172170434104
277.99856016974906
277.9949016380357
277.9918204360048
277.9890111519249
277.98577327756897
277.9817945055275
277.97808765063945
277.975087267549
277.97146085267565
277.966190433123
277.9617953445431
277.95853929125786
277.954871683588
277.95332557100295
277.9517220273382
277.9501001951532
277.94811722723705
277.9459354970391
277.94270630200253
277.9395754306996
277.9371797513243
277.9354060452423
277.9327494424373
277.9313996125473
277.93008737953807
277.92921915383795
277.92832006883407
277.92694708204095
277.9254818509431
277.9230872165728
277.91774791045555
277.91261621286327
277.9067460391851
277.9010035578813
277.89585064805607
277.89054602548845
277.88431793486734
277.87727660735175
277.8655448648069
277.84789880430094
277.8309548241098
277.80805988858043
277.7860349168087
277.7600958787161
277.73057561627513
277.70177374062246
277.68520187347957
277.6787648394496
277.6746077274528
277.6725275557781
277.6704679626846
277.6668996322729
277.6645405107896
277.661340103227
277.65655819389303
277.65226184393765
277.64785919681725
277.6441048394112
277.64063698671043
277.6367990340337
277.6338384196455
277.63118934575647
277.62653582304523
277.62316401871345
277.62007663326585
277.61806891308987
277.61596328223527
277.6137297629499
277.6116958732174
277.6102697602383
277.6089471586188
277.6078112624869
277.6067133630652
277.60519786650366
277.6026639686481
277.59958452781774
277.59525256751795
277.59065185418996
277.5858630462502
277.57931774422497
277.5727934063274
277.5648535321414
277.55818337016376
277.5542018350667
277.5518827101636
277.54892690129134
277.54581889687563
277.5432334626335
277.54095711231264
277.53863740787176
277.5364013387666
277.53495139577166
277.53369482288196
277.5326230397163
277.53179742157334
277.5306592049278
277.52960162389445
277.5285521024662
277.52753084928554
277.527007529655
277.52669063137284
277.5263243330874
277.52597021425606
277.5258270206617
277.52551384210943
277.52518398315635
277.5249599764166
277.5247719410623
277.52456639180554
277.52433328339254
277.5242688498276
277.52417113667474
277.5239175632631
277.52358865064895
277.52335977740756
277.5230961802137
277.5226048336413
277.52200006733364
277.52163226397124
277.52113989311965
277.5206033109004
277.5202405062755
277.51998306206315
277.51989685959524
277.5197950072912
277.5197492904537
277.519686548937
277.5196337256058
277.5195700403222
277.5195275922642
277.5195066555382
277.51942717293883
277.51933488748847
277.5191863539318
277.5191035537121
277.5189796715022
277.5188606423091
277.5187861746849
277.51872778976906
277.51869198603873
