390.95351339721316
355.63359496515113
341.65251873681285
332.8929350965187
326.10567740767647
320.76746933963545
316.51112087976753
313.4303680872314
311.05787907131025
309.06091274764515
307.13729902188624
305.47656335799195
303.5264860969229
302.0366010028548
300.92916274579403
299.7473159067417
298.6118274900561
297.71542302929674
296.97290788111434
296.21461788620906
295.694396655086
295.1339560893827
294.5412840224377
293.85498063571913
293.3829358933705
293.0010350668121
292.6381955555372
292.3034921395264
291.90022160242626
291.46561384982493
291.14121070321954
290.85781751881916
290.5553486656374
290.34282016428136
290.14054405927607
289.9482078178105
289.7478216156282
289.5478525064733
289.27624734072816
289.0626530882489
288.852354003697
288.5688300893238
288.3620572277791
288.19663500528765
288.03805676091713
287.84303490640696
287.57393797456547
287.40067632841914
287.1148787040995
286.866578684398
286.6678086891745
286.56152566187336
286.4711966878011
286.3782274200671
286.31145411943925
286.22930943856966
286.1294011184511
286.03267213293566
285.9117415115735
285.8259150704882
285.71042324535256
285.56251912778157
285.4288263507284
285.3147558521928
285.1316297435399
285.0307528296437
284.9346147042171
284.83548834990717
284.7246082672885
284.6410888410661
284.55973007113624
284.4682628535932
284.4190736390739
284.37327435596734
284.3413333408056
284.32113067274395
284.3038742412303
284.2841075198196
284.26566386912674
284.2479311023128
284.23326063079236
284.21519060178434
284.19500244123986
284.1725112422695
284.15635278849226
284.13999854085864
284.12398297178294
284.11279870058274
284.0949716718372
284.0766869943048
284.06657743577165
284.0545662314374
284.0363402389947
284.01803548215815
284.0079243762483
284.0018394308278
283.99462390588945
283.98982622280107
283.9849845187524
283.97699654493647
283.9681301778562
283.96106529351806
283.9560579906307
283.95114331258844
283.9457035106363
283.9409604593779
283.9358130319421
283.9292218272079
283.9216905506649
283.9126178544234
283.90520206675336
283.89869639158286
283.8945119351481
283.8916380727966
283.88942361270705
283.8872253962052
283.885416840216
283.88374769605394
283.881703091424
283.87989569281575
283.87871584653044
283.8775641599696
283.8764929869992
283.87527968196645
283.8741116359362
283.8718060489844
283.8686958744063
283.8662877141457
283.86365346647574
283.8625067556098
283.86126618750734
283.8596849677816
283.85801447954464
283.85653623965976
283.8539131724524
283.8514006446071
283.8502679744766
283.849018266936
283.8476219562465
283.84468804830465
283.8408680458224
283.8372005253168
283.8342907385477
283.83134426852394
283.8284442725374
283.8257843861162
283.82227056456026
283.81787868739707
283.81448846603337
283.8113441596225
283.80692403335985
283.8016338978155
283.79661281733195
283.78857506483706
283.77715940745327
283.7577754940131
283.7322638924042
283.7003594329395
283.6752865508629
283.66390729242795
283.6510306223759
283.6302443469541
283.606585496655
283.5895277075945
283.57411558026206
283.55378958060123
283.532356317897
283.50683994071056
283.48424102458733
283.46475263266854
283.44764868536686
283.42350772686643
283.40489272160653
283.3895359847512
283.3678571436123
283.33084805903644
283.2945565913397
283.26002359393595
283.2253560734517
283.1935973496804
283.14393193562125
283.0863708674881
283.04413522053204
283.00896485460737
282.9856965033638
282.95441144216204
282.9305769684108
282.8976728574604
282.85740457767764
282.82362719322725
282.7980521755464
282.7770057819482
282.76254905242666
282.749479081294
282.73150864229234
282.7138587017156
282.69245850111946
282.6744910375335
282.6564263128575
282.6407034374502
282.6263257913397
282.61292487894156
282.5873362805489
282.5576200546252
282.53519069524464
282.51190552498764
282.48739276121864
282.4577018925071
282.4307019170527
282.3982534035893
282.37494801655896
282.3488081480043
282.31576555948095
282.2706917553948
282.24110412312524
282.2188432422749
282.2011385388401
282.18608197204185
282.165760818865
282.1522555065298
282.1438721844672
282.13596823483624
282.11613117185397
282.0996817141949
282.0918922342296
282.0840938943802
282.0751939435989
282.069234639599
282.06681425679744
282.0647391041428
282.061695609036
282.0590145529125
282.05614710452056
282.0537312936679
282.0506994831177
282.0477531744833
282.04451503152177
282.041611322982
282.03812159892624
282.0322797368385
282.02921739047696
282.0267260687333
282.02412738251724
282.0206184058427
282.0147904444924
282.01180866644677
282.0102496784813
282.00900500385836
282.0066362327181
282.00172532566376
281.99766704969073
281.99423688507096
281.98953288351464
281.9839656236961
281.9789110903159
281.9743704050657
281.97069169042175
281.9661542451525
281.9605445814937
281.954919820566
281.94606455949287
281.93385756829906
281.9218090978473
281.911156331657
281.90195567519766
281.8897983142223
281.88090471949886
281.8709705281765
281.8582451259946
281.8485561291586
281.8416307222579
281.8336590474706
281.8270784139834
281.82054282571266
281.81116097665546
281.8017624783125
281.7927414400842
281.78168795757045
281.7689782119447
281.7577102824482
281.74928359383415
281.7436495038079
281.7402576933941
281.7361771714443
281.73255649699024
281.72921506527246
281.7247715410607
281.7191723513643
281.71363135220366
281.70911090159177
281.7037255470755
281.69805367996287
281.69382315478276
281.69013406624055
281.686362760407
281.6828685086998
281.67874212799916
281.67529665041343
281.6717643224313
281.668236965896
281.66284162899836
281.6581842817483
281.65189016036254
281.6451241717048
281.6386746623421
281.6311385953878
281.62397145058947
281.6172164005699
281.61173862435203
281.6078964095169
281.6037845971705
281.59773192713084
281.59173066346
281.5866609723861
281.58236136335785
281.57720186258126
281.5719985879535
281.56847097179303
281.56425995929624
281.5595808244381
281.55363330119883
281.54624952960233
281.5384853367362
281.5304186108061
281.5249583786057
281.5205287247805
281.5147744277811
281.50979516939026
281.5063235269889
281.5036752044759
281.5011529547853
281.4985847004388
281.4968161603821
281.4951554251156
281.4939477395441
281.4918312236636
281.4895311767606
281.48584907563526
281.48096170366506
281.4778139424085
281.4735002412789
281.47046576700785
281.4680157207234
281.4653035309916
281.4640056626275
281.4624886042746
281.46099338510277
281.45896375325384
281.45710827105455
281.4559982972412
281.4553952711532
281.45439285184705
281.4531851176606
281.4522322251679
281.4514388220008
281.4509545005649
281.4505674086337
281.44985368502574
281.448416795709
281.4462157222286
281.4430983357676
281.43929270887475
281.43735392507966
281.4353083781863
281.4341683409137
281.4327592466408
281.43203056082206
281.43129896598066
281.43073143802764
281.4301160575026
281.4298528788944
281.42965101017256
281.4293110948778
281.42893831878405
281.428726028776
281.4284823101927
281.4279454953877
281.4273315312483
281.42697147402805
281.42689849760694
281.426795868046
281.4265366683505
281.4258070059862
281.42510006347595
281.42443839145585
281.4240157374778
281.42336447228166
281.4230135386984
281.42240121407156
281.42195666868605
281.42135725766775
281.4204649279502
281.4194830483725
281.418742451186
281.41791748314864
281.4171937046975
281.41630661761405
281.41545769545314
281.4142527820061
281.41276367333995
281.41042448487246
281.4067029649559
281.4011801259531
281.3956243216224
281.3898171824328
281.38456725697455
281.3803171143976
281.3755404785248
281.37244199550867
281.3699663262409
281.3660883714118
281.36408106695444
281.3615563823971
281.35991916668917
281.3584403574696
281.35747015874813
281.3568903779082
281.35570358299094
281.3539664993622
281.35291699184074
281.35236364526503
281.35194374259873
281.35131717929545
281.35064123758406
281.35003398382383
281.3496877313636
281.34948521067116
281.3490557838312
281.34870297446764
281.3484934017795
281.3476503277365
281.3469211936082
281.34646184041105
281.34629682862584
281.345942994955
281.345177649842
281.34354496138155
281.3426451397629
281.342290006236
281.3419746967356
281.3415607139982
281.34103572580995
281.3407985004528
281.3404506566287
281.3400240807428
281.3397877933679
281.3395060156082
281.3394331719438
281.33940039903825
