972.9455257928129
880.50166667649
832.6109197353953
808.3530444401717
794.8197701323835
785.3853412502509
778.7325990548176
773.2273891043072
769.0335858261539
765.4053974495248
762.4837506685012
759.748510799933
757.9359386941487
756.4802317753366
755.1803872568595
753.7982704281759
752.0610120114244
750.0343783367819
748.4141526722462
747.0147225149138
745.8830473477475
744.9088562961238
743.9458156379352
743.2726113498096
742.8170715124108
742.3026196048704
741.853964902787
741.3336417601786
740.8687638248684
740.4473265099477
740.203090914566
740.0322234596156
739.8364611199166
739.6159248754985
739.3176392185031
739.0070836236081
738.7895458573457
738.5542512803695
738.2665159592808
737.9419914322432
737.7576773215917
737.4672125105108
737.3549497902986
737.2681104169229
737.2211153969981
737.1952386195218
737.1749591102055
737.1533701958475
737.1203975861835
737.0835003786754
737.0591558791776
737.0432935206568
737.0266562070278
737.0086598969888
736.9922937534269
736.9744878672014
736.9572482282175
736.9393003904418
736.9277444895199
736.9120206418634
736.8885953771762
736.852000535636
736.8190742126161
736.7931521964973
736.7717242469151
736.754196755273
736.7402959359322
736.7296855243306
736.7226412709527
736.7107952298097
736.7008315184082
736.6924518971153
736.6834687689391
736.6733734016744
736.6600663627805
736.6435540127499
736.6299250436952
736.6221116003132
736.6171102043785
736.6120265192967
736.6080335025072
736.6032623852834
736.6001720105239
736.5971789132947
736.5934310509745
736.5875284174627
736.5831937083657
736.5791696528227
736.5752113922582
736.5731771315982
736.5723904981916
736.5712989395064
736.570778565158
736.5704036801692
736.5702363273953
736.570219532684
736.5701796750975
736.570119945753
736.5700960579644
736.5699566300885
736.5693209915069
736.5689769570827
736.5687152261171
736.5672250862564
736.5658872883812
736.5656484481248
736.5654950074513
736.5653552386068
736.5652853342758
736.5648399652869
736.564517703241
736.5641659567619
736.5636020288588
736.5631503777455
736.5630818519313
736.5630299054712
736.5628639136895
736.5628063491555
736.5625831957163
