1000.9793586123152
856.5077458317969
811.4862932773377
786.9689218221146
771.3580400031926
761.6554746988527
755.3365456385113
751.3737435710253
747.946170777775
744.5732577246788
741.732484999295
739.5425838393536
737.6625773766722
735.792328330153
734.1336159885553
732.633047231837
731.3529667659327
730.3055294556864
729.3322633064923
728.4539512679928
727.8906307035165
727.4740172704034
727.2038201088541
726.76696369785
726.2786485126469
725.6330663748707
725.135935467007
724.7599622787809
724.4869002184488
724.3563926984133
724.2198277546851
724.0261740294536
723.8204897160865
723.624989228095
723.5181523216633
723.4163269841447
723.3522219972706
723.3091516450444
723.2746024243673
723.2381295509142
723.1980274362712
723.1557845996517
723.0795297744927
722.9820847552373
722.8490562228618
722.7730203400882
722.7107977882916
722.6411322279165
722.5935178510881
722.527020864624
722.4756938003367
722.4336868275152
722.3857907682586
722.3542633373814
722.3115859483078
722.267892195271
722.1507679995574
722.01489097051
721.8013594952765
721.4630346324384
721.1557203480108
721.012953154397
720.9530909370438
720.913144381813
720.887106678238
720.8588759236943
720.8376275461391
720.8203750452677
720.8088421063229
720.7993577353462
720.7890264195305
720.7812061776232
720.7698789737183
720.6934694727383
720.6600457851573
720.6388518484746
720.6321322768273
720.6249331228736
720.6108302552186
720.6015068182203
720.5868493056249
720.5696220550318
720.5563930454637
720.5467317837355
720.5374258734713
720.5287720810273
720.5098619335329
720.493096664979
720.4717578294423
720.4619528391025
720.4546530725805
720.4425307475238
720.4299538561563
720.4186211880043
720.40575620509
720.3906519342187
720.3755327465216
720.365599665032
720.3498252910978
720.3301079615826
720.312395833902
720.2960649484401
720.2767270545569
720.2521176464021
720.2399234449813
720.2252058684946
720.2159518675959
720.1852218922
720.1660383364135
720.1450435267044
720.1098259697108
720.062338419788
720.0436469078628
720.0242420113641
720.003811783873
719.9623551853015
719.9222881872445
719.8789905065397
719.8385391620128
719.7988444817239
719.7371503229963
719.6318828777995
719.4613585068191
719.160686675457
718.8887719825029
718.6821934059647
718.4783061854434
718.2229694374471
717.9172450543164
717.6569698825875
717.467441599573
717.2436599431459
716.9495775123081
716.7183832865181
716.6359446533573
716.5554993383904
716.4816792999808
716.4120881414957
716.3641725862664
716.3005730715713
716.2474703136733
716.2092510837659
716.1686254440525
716.140824404803
716.1154619878403
716.0901257072902
716.0745329186631
716.0616754471938
716.0489883433626
716.0369575733771
716.0305353914687
716.0257778474038
716.0224638577138
716.0196213972239
716.0171401022507
716.0143254162579
716.0105982560874
716.0068137058134
716.004889355792
716.0033716302513
715.9995346683249
715.9989300250094
715.9972094053568
715.9953438361574
715.9942770320264
715.9932209770409
715.9914328373361
715.9908946727697
715.9906514044245
715.990591895326
715.990491515468
715.9901133538938
715.9897466609008
715.98910149863
715.9882516771953
715.9881896573197
715.9881649548191
