1010.1695206081869
919.0066908793309
866.8313509186883
833.1739076895605
811.5125960360815
797.2348836791022
788.6052608317372
782.6836297963608
777.4814215561474
772.8169002747666
768.5796900447044
765.15736133563
762.5297426180884
760.2505907371831
758.1000639780439
755.7951982541701
753.4785371803733
752.0093659990343
750.9610296377471
750.0414521681802
749.187417743764
748.2310081514837
747.2642991512108
746.5561787767305
745.8135095512494
744.9018385224094
743.9140303874152
742.9634854907503
742.2623592383417
741.7720736947141
741.3588872221878
740.9741045770013
740.5815187892418
740.3721301462526
740.2059156749112
740.0701083777732
739.9638284714076
739.8417530571445
739.7499426192547
739.6732957493933
739.5893893187273
739.5148664995565
739.4476601256521
739.4039166670459
739.3689330003119
739.3273813371715
739.286744362831
739.2470978074648
739.2154172134203
739.1973493071026
739.1654154021737
739.1125219212321
739.0564877891139
739.0043159282586
738.9572706911645
738.9266639372931
738.8795280485815
738.7975897568631
738.7157057369785
738.6576407640677
738.6046665001984
738.5830293062295
738.5773975602892
738.5644506106266
738.552748713753
738.5473466641364
738.5431139957864
738.537488912925
738.5306228400348
738.5226338037718
738.515730249119
738.5057174972707
738.4919987439641
738.4754556731315
738.4474500772665
738.4202312837244
738.392484263817
738.3681517769637
738.3453532051196
738.3238552988687
738.3026978561179
738.2804785313673
738.262027002749
738.2421937686083
738.2253591977127
738.2088285510656
738.1985357196504
738.1899310034962
738.184993980317
738.1789818753733
738.1752119976562
738.1699117042648
738.1648617039169
738.159361404073
738.154001666523
738.1447023805895
738.1339657676169
738.1266128858904
738.1225944973895
738.1212082461305
738.1191154291862
738.1163806623596
738.1146273131468
738.1127725718238
738.1117674548638
738.1085790343103
738.1045799004678
738.0930481898474
738.0873733830779
738.0800771848287
738.0686463140643
738.0572051138472
738.0395253430418
738.0236792309003
738.0064359033848
737.9849347415652
737.9547977239722
737.937357474924
737.9211388916741
737.9108702007635
737.8976055792152
737.8862933711058
737.8820532143774
737.8779498958469
737.8765253938373
737.8753573406407
737.8738884515415
737.8728198107746
737.8723802642556
737.8711044112464
737.8683074640533
737.862098519972
737.8596897934802
737.8572970230963
737.852300776296
737.8454852591343
737.841978395502
737.8394980864927
737.8354340081062
737.8219374663738
737.8080503484515
737.7925774810652
737.7769203361447
737.767949066984
737.7612907487043
737.74117300899
737.7288141053834
737.7142805683706
737.6776518712484
737.6261199467069
737.5730861194688
737.4984873256278
737.401921419842
737.2129154956447
736.9038774430254
736.4298560450221
735.8079366009375
735.2722964363809
734.8756100417068
734.5656638849738
734.3395409507757
734.1455562272433
734.0386750605606
733.9887316646638
733.9593174702819
733.9169338721755
733.8713980726999
733.8228472743864
733.7423492390919
733.7090746997492
733.6942306827108
733.6844207694595
733.6752920701509
733.6651018898133
733.651811641659
733.6304142225207
733.6076811120689
733.5857935742026
733.5577017295094
733.5199564505032
733.4847172106647
733.4384966473907
733.380484571211
733.3171940016272
733.2504891611072
733.1734492110601
733.1067333819241
733.0404067912779
732.9971982247707
732.9605109936059
732.9229211930653
732.8867925187985
732.8436777127363
732.8028949078548
732.7713842669841
732.7483824492831
732.7252145412566
732.6955567707948
732.6669054697494
732.6332179659897
732.604442448481
732.5663482028106
732.5238272474076
732.4770423508473
732.4168774410987
732.3479590811772
732.2912542993048
732.2377674365089
732.1782233661854
732.1209802945187
732.063612685155
731.9975665391621
731.9309713869314
731.8523058925031
731.7778378978536
731.7283512499082
731.663912311129
731.5933882997092
731.5453801149363
731.5120964998267
731.480748505721
731.4494853346147
731.4173620084573
731.3918485050746
731.36561423183
731.3405284223712
731.3250811302368
731.311046191329
731.2925755208701
731.2751525836409
731.2614409294113
731.2477432183236
731.2323001703385
731.2131235316816
731.2027308711479
731.1965864367711
731.1900197479932
731.1843551041263
731.1809499134954
731.1778567355126
731.1730682061614
731.1620176706318
731.1463638369693
731.1281106201213
731.1083070895496
731.0930552033568
731.0809615011715
731.069556487956
731.061502003513
731.0549350994363
731.0492179878423
731.0414681321306
731.0337378883179
731.0281911122115
731.0229051868143
731.0210564033526
731.0190808615023
731.0171405204354
731.0142401631937
731.011148283768
731.0084838656203
731.0051814687413
730.99871018449
730.9909144471009
730.9853358411821
730.9765153753592
730.9657213732893
730.9392547685602
730.929526938772
730.9238350060198
730.9189803008102
730.9168014447449
730.9143379187121
730.9113365312503
730.9084005051595
730.9023468429506
730.8940656783461
730.8858170947168
730.8767083433543
730.8668344778077
730.862817214919
730.8604884632426
730.8579910397541
730.8568633901314
730.8542654728317
730.8470172589682
730.8423338862384
730.8408554554381
730.838804448072
730.836334997702
730.8342605381107
730.8326900234248
730.8308409568657
730.8269278968628
730.8209842058525
730.8155228374094
730.8108366358379
730.8077370815661
730.8062173749397
730.8044507680542
730.8018236501096
730.8007486454645
730.7997369477647
730.7988893700294
730.7982439803922
730.7981405618664
730.7980940863763
730.7980678093371
730.7977726822417
730.7973749212849
730.7968412073105
730.7962808320434
730.795210702336
730.7946865788253
730.793910756807
730.7932510853344
730.7927685674729
730.7923777995094
730.7914615398195
730.7907282999001
730.790640754152
730.7903391383311
730.7899538460333
730.7895660962066
730.7888681686701
730.7880172286588
730.7865633486434
730.7837581543096
730.7716810030383
730.7612306639297
730.7285283563849
730.6956649125743
730.6092632709558
730.3769588567508
729.8759650629935
729.7226625671817
729.5956752760159
729.5458001707061
729.492913647966
729.3981276687906
729.3221559030178
729.2708417118683
729.2425984657509
729.216442730349
729.2126794742314
729.2099464820552
729.2073393595922
729.1991080129012
729.1834504492376
729.1652907448681
729.1332313693508
729.111973767192
729.0961290735974
729.0770021047713
729.040355503101
729.0224896070778
729.0092612161675
728.9892684228643
728.9649054548943
728.9431759655706
728.9301018926132
728.9122321531698
728.9037534497205
728.8924158582761
728.8822416183838
728.8535470103953
728.8319366038356
728.7869566708198
728.7256625265019
728.6612255179625
728.6007148758871
728.5217635441005
728.4858488447348
728.4425645260843
728.3773121822799
728.2282585314284
728.156616770074
728.115444883836
728.0797927196202
728.0634007931931
728.0312572933291
728.0058001556723
727.9875380257108
727.9712371860284
727.9641519315583
727.9600028076571
727.9596558826437
727.9591737168377
727.9581082413737
727.9575290638212
727.9571304267181
727.9560361082554
727.9523696115039
727.9491421088476
727.9472985515872
727.9464983297707
727.9458426602052
