904.8788580076227
826.9645765400647
799.7864776802822
785.4898231310704
776.1684855139223
769.1598767209101
763.6224345770756
759.2455858200661
755.5842138021452
752.7999816221833
750.6868174628737
749.2179806679233
747.7843229432492
746.4832470172229
745.2496315764126
744.2839677235547
743.3874209400718
742.4851476641242
741.5687984601581
740.8733259980755
740.0649689875837
739.3509881243675
738.8279514752612
738.3489290489094
737.9629496093978
737.620213421926
737.4378591647537
737.2540093201701
737.0948073074823
736.8928502277432
736.5669619286089
736.1049018397191
735.5167875305542
734.9341487020296
734.6851452953058
734.462829489774
734.2354306608767
733.9947257798925
733.8440879873319
733.7198047130883
733.6275411730678
733.4947217727423
733.3828349095621
733.1960788987652
732.9734671516701
732.7066875999366
732.5350738390767
732.4200755889909
732.3001035024245
732.1626354794529
731.988871461227
731.8831644086254
731.8146766496894
731.7427044977321
731.6666842271222
731.6034893604049
731.570231442044
731.5401510261507
731.4986352176986
731.4671872318283
731.3991963170162
731.3002198510214
731.1981515613932
731.1155552870197
731.0307309018317
730.9356899145932
730.803251696654
730.6413883174238
730.4943837559202
730.267431795313
730.0590937031515
729.8598150624708
729.553105513132
729.2480663781342
728.8332777783677
728.625577800888
728.4916553103412
728.3383374047909
728.2059915572563
728.0448019374325
727.6592220332707
727.453617557478
727.4105323813457
727.3743028870798
727.3507743906905
727.3192556950819
727.2635038786077
727.2074574486722
727.1524435708326
727.0638909699879
726.9608492933398
726.8591913716523
726.7532627785972
726.5986884684796
726.4421601581565
726.2751591562408
726.1783684104623
726.0867605544299
725.9073894581933
725.7894876558601
725.6762953712746
725.6089019359933
725.4743745021285
725.3365897454282
725.2652855594916
725.2210724280309
725.2041534224413
725.1926015217136
725.1651218728344
725.1409363062402
725.1277750615545
725.1168331455804
725.1061192912603
725.100774823192
725.0948635693811
725.0901109411822
725.0869313753547
725.0839847524162
725.0789714993867
725.0753691921897
725.0719977371804
725.0661023741782
725.0579068615382
725.0503618444092
725.0453953246268
725.0417885803581
725.0340157359184
725.0272169498376
725.0236010956952
725.0223889108906
725.0221974589577
725.0215098492607
725.0167699121896
725.00444972589
724.9985277788429
724.9917526620449
724.9828297743801
724.9804280147026
724.9793630350609
724.9776589457945
724.9776412779212
