919.8789176925
814.937115070502
779.8136424543844
761.7946323565521
751.2578995957681
744.1557711317414
738.8827217762307
733.6461887592485
729.972435399943
727.9616321630144
726.816985533354
725.9826513277117
725.2327575021521
724.5075363813017
723.7139691332463
722.9665121333852
722.208275613767
721.3761073602817
720.7414568784204
720.2073872021133
719.8833580712015
719.5876272622991
719.3223227949375
719.1085731378428
718.9750632510496
718.8339162224125
718.7461612888064
718.6127199954876
718.4529765290913
718.2598450667475
718.0557900084799
717.9437515935899
717.8350519961436
717.7534590039908
717.6864088205668
717.635852110645
717.5761805371643
717.5348576967657
717.4724219920981
717.37940300282
717.2567218171273
717.1069131487532
716.9962212579263
716.7830288600187
716.6273915388451
716.4584134408815
716.2858838480666
716.222418133423
716.1059145728748
716.0213333860684
715.9564628338968
715.9177344012654
715.8891103579297
715.8672626684618
715.8536408585222
715.8418126627835
715.8251777540904
715.8052097252603
715.7752982487611
715.76597153025
715.7574459719546
715.7410212387431
715.725087449268
715.6921041034894
715.6713077837893
715.6381418470644
715.5834226049791
715.4729953349665
715.3710962541958
715.2743975408583
715.1806952658521
715.1147713137019
715.0366717886978
714.9498483950516
714.9013982380219
714.8225185257745
714.719369763603
714.6445947698637
714.535629377005
714.4052590465097
714.2704769778533
714.2225420541932
714.1966974903792
714.1490581878959
714.1053416763331
714.067583354943
714.0022766536658
713.9452557781933
713.8997643584031
713.8522542261064
713.8217233016421
713.8058336081234
713.7946836244241
713.7837449107693
713.7664581966659
713.7411099080656
713.7307284915646
713.7236613108167
713.7171174606542
713.7110077612165
713.7053138335118
713.6864769130952
713.6581851266513
713.6376035213658
713.621481449765
713.5931032499831
713.5746670682852
713.5572023195165
713.5444365304895
713.5303904198005
713.5267345901881
713.5256929370239
713.5253775550485
713.5247710841811
713.5239220825193
713.5230501082624
713.5217080264845
713.5210015527541
713.5176083929748
