15.975076025518344
15.773901491149896
2.8012149667657353
2.3590232849190134
2.330338556220714
2.315216250503265
2.3341066701866593
2.3296452664652776
2.2812494049037366
2.3181193299484346
2.294104557909596
2.356765711985525
2.348803571673799
2.339203764925928
2.3931099320299736
2.3469578428047124
2.363251074494808
2.2901051179142518
2.367906932082749
2.2940972809642104
2.316345034027223
2.329437467766779
2.3125821402308704
2.3202267323644934
2.349308863541165
2.323360180398242
2.3713277905294765
2.338580062047069
2.333704020613484
2.3192521613243824
