10.07002779810615
4.227550112381599
4.0789946767093905
2.7200328801582043
2.3023366310210434
2.329339664331911
2.3391151637999448
2.3296452664652776
2.3053340703997414
2.3419222084145708
2.3025589655131773
2.301648514345869
2.293347902956548
2.3643822184029015
2.353951362064099
2.2919902626378104
2.3462528942832344
2.335928333315657
2.3826934428342286
2.3046030918284295
2.291546038139712
2.321410030435849
2.3673747036706287
2.3333510065256173
2.316489515846645
2.326223782355467
2.3992355158523684
2.3330852354581544
2.2754645373892535
2.3086970936692786
