15.54163453821804
20.85008300903065
7.18619409876452
2.1341668611961677
2.3611398407562754
2.1676362370875983
2.1974633398289365
2.2640420387346243
2.369988193137556
2.3282144033576655
2.298230471606841
2.3024720479145317
2.3466702046844445
2.329348237743354
2.3271249841530564
2.303937213407751
2.360042400445763
2.326376174330918
2.362246148916895
2.2934032729062905
2.318769877218753
2.329437467766779
2.3115319491141118
2.2602429469017706
2.3173316710780067
2.322573197896232
2.2954815133990034
2.3221015263898064
2.3016243098023015
2.3168863044607466
