8.664902341811523
3.3618632575849197
11.628001577420553
9.858897530658544
2.7673588589689952
2.5387693705970595
4.157536479362793
6.714108946380731
4.570388646790916
11.493866309781227
16.904260618286152
5.041230263950515
9.282907720660077
2.3842744878057966
2.4022307130070106
2.3533464954611465
2.440173462977379
2.6053846114554315
2.4679028159916907
2.366053558549482
2.449794680758628
2.4192658811158623
2.4790941332186853
2.657293787382715
2.5537018655640575
2.613340140891574
2.5475943709734596
3.290815134581884
2.566450124066952
2.6285568291393577
