24.489291047873664
3.556601356794825
2.4855060508931808
2.5461706470652796
2.502433325819447
2.536942467488691
2.531548955649124
2.469021997139457
2.4534921508981626
2.4655390097700014
2.4933306230096006
2.5151162270149414
2.447864019005983
2.4925488276755217
2.4527211484427434
2.4649083098519844
2.499554961400142
2.4788789584344313
2.5229576526395094
2.484943425294892
2.528576806833074
2.5128300610201526
2.437423384979228
2.4723545505198903
2.5039025789398504
2.4854595555953116
2.503630543986544
2.480259617476473
2.5080955970547785
2.468980453716957
