17.976412597879126
15.763979430420957
15.853897738567687
15.856097593623412
15.03214212000866
15.017437687022923
15.182242292021243
15.929695276471373
15.854811699087554
15.178217725116623
14.987169795030324
14.995375886710905
15.763979430420957
15.853897738567687
15.856097593623412
15.03214212000866
15.017437687022923
15.182242292021243
15.929695276471373
15.854811699087554
15.178217725116623
14.987169795030324
14.995375886710905
15.763979430420957
15.853897738567687
15.856097593623412
15.03214212000866
15.017437687022923
15.182242292021243
15.929695276471373
