24.82840547203941
2.3417999270320733
2.402457524044094
2.420843671018608
2.422391992223296
2.518794891539679
2.3861585266872583
2.450211976297695
2.384725278163332
2.372392259640522
2.405450777015191
2.4961840757825042
2.395534065927989
2.410311008976585
2.3899524817595483
2.4281728397103115
2.404158419635317
2.4002929646300917
2.4106175504509157
2.3919794912435584
2.4022228161927015
2.3785172620602673
2.38485883972952
2.461900826871071
2.4511257430580167
2.389672258287758
2.3835561845731563
2.3957565890803765
2.45434811755773
2.463787768367683
