15.432770394791934
4.216463356106175
14.362177212431744
8.344519941172262
14.602288313802827
20.81664791825604
3.8760373055179125
2.228512339670278
2.1700428353594523
2.159604802769497
2.2172067748101503
2.2791207485571197
2.2435122903667244
2.208176082767586
2.248996925914402
2.2204886441862706
2.191923920847194
2.268262894799286
2.2226550258471236
2.340488872661509
2.600796974542489
2.3513213055603077
2.3361026490036814
2.320229749843893
2.4275873883432335
2.320124454242903
2.2954815133990034
2.3221015263898064
2.311759038339173
2.3101913699143926
