13.967504737907944
2.299766425816092
2.480291296970518
2.312829169310996
2.2694695437609735
2.341826859214913
2.265642781485799
2.3477540688054748
2.2690820773983975
2.3614493613192264
2.3378499604799754
2.3857617339979407
2.33605283044464
2.3789781837677544
2.3902274379432815
2.54651978756113
2.261006499649265
2.7581692452603352
2.273406048165275
2.271366773343847
2.3090971515428205
2.314253454375501
2.3038868272708513
2.319594466070062
2.3266084447066544
2.330557653897868
2.315419713758921
2.3144486928479964
2.2915732363544343
2.3187230535999457
