9.148805277343575
2.4664564039066432
2.505086736740145
2.4849475401119028
2.5043598122489565
2.534388857969308
2.5226652040930575
2.481206992703588
2.480701886918289
2.5060018666623436
2.4903988727855504
2.5069388140612476
2.444439170389981
2.483393391568333
2.484033653832589
2.5713470216151557
2.5250264726774936
2.527525012649504
2.539768047196585
2.502433325819447
2.536942467488691
2.531548955649124
2.469021997139457
2.475749972380209
2.4659398432984947
2.491597254575756
2.51491635692587
2.46822386985595
2.4952744669800992
2.463860984826836
