11.812283445680938
6.260918890995013
9.282558581547828
32.298831181897754
8.231675577363985
2.162670500995972
2.200556330755463
2.2124143633453532
2.18527110210442
2.180486713520456
2.3933961481647956
2.2732183160461963
2.293966874108726
2.259093477272876
2.2678056248399616
2.2710814545953917
2.2837698289520603
2.2950725720947047
2.260925176689143
2.2445134063189838
2.281429425290315
2.296598710391393
2.268860913054739
2.290506307247424
2.2520781299754815
2.2621174638452604
2.3141905118566495
2.309488418123836
2.307876754957247
2.3252293591647537
