16.295691529136036
6.8963379745908036
6.8963379745908036
6.8963379745908036
6.8963379745908036
6.860569074115543
6.863504960164352
6.863504960164352
6.863504960164352
6.863504960164352
6.863504960164352
6.863504960164352
6.863504960164352
6.863504960164352
6.863504960164352
6.863504960164352
6.863504960164352
6.863504960164352
6.863504960164352
6.863504960164352
6.863504960164352
6.863504960164352
6.863504960164352
6.863504960164352
6.863504960164352
6.863504960164352
6.863504960164352
6.863504960164352
6.863504960164352
6.863504960164352
