7.3342456772522855
6.863504960164352
6.864588568513851
6.875449690293317
6.875449690293317
6.875449690293317
6.875449690293317
6.875449690293317
6.875449690293317
6.875449690293317
6.875449690293317
6.875449690293317
6.875449690293317
6.875449690293317
6.875449690293317
6.875449690293317
6.875449690293317
6.875449690293317
6.875449690293317
6.875449690293317
6.875449690293317
6.875449690293317
6.875449690293317
6.875449690293317
6.875449690293317
6.875449690293317
6.875449690293317
6.875449690293317
6.875449690293317
6.875449690293317
