43.91212857649778
6.8963379745908036
6.8963379745908036
6.8963379745908036
6.8963379745908036
6.8963379745908036
6.8963379745908036
6.8735425958607825
6.875449690293317
6.875449690293317
6.875449690293317
6.875449690293317
6.875449690293317
6.875449690293317
6.875449690293317
6.875449690293317
6.875449690293317
6.875449690293317
6.875449690293317
6.875449690293317
6.875449690293317
6.875449690293317
6.875449690293317
6.875449690293317
6.875449690293317
6.875449690293317
6.875449690293317
6.875449690293317
6.875449690293317
6.875449690293317
