8.273174279530737
6.860506615307431
6.863504960164352
6.863504960164352
6.863504960164352
6.863504960164352
6.863504960164352
6.863504960164352
6.863504960164352
6.863504960164352
6.863504960164352
6.863504960164352
6.863504960164352
6.863504960164352
6.863504960164352
6.863504960164352
6.863504960164352
6.863906785056944
6.875449690293317
6.875449690293317
6.875449690293317
6.875449690293317
6.875449690293317
6.875449690293317
6.875449690293317
6.875449690293317
6.875449690293317
6.875449690293317
6.875449690293317
6.875449690293317
