36.76324565024974
6.8963379745908036
6.8963379745908036
6.8963379745908036
6.8963379745908036
6.8963379745908036
6.8963379745908036
6.8963379745908036
6.860569074115543
6.875449690293317
6.875449690293317
6.875449690293317
6.875449690293317
6.875449690293317
6.875449690293317
6.875449690293317
6.875449690293317
6.875449690293317
6.875449690293317
6.875449690293317
6.875449690293317
6.875449690293317
6.875449690293317
6.875449690293317
6.875449690293317
6.875449690293317
6.875449690293317
6.875449690293317
6.875449690293317
6.875449690293317
