-0.8735643583754295, -7.697092390216084
7.848202118408187, -3.7528682352793643
0.5478369132340057, 5.2060703810958975
-6.480842348669048, 0.890625023177682
0.2668351476267831, -0.7483178085829347
0.1063263075430139, -1.167598177828301
0.38981301900108795, -1.0659743193500029
0.5990486399314213, -0.9379329118149798
0.27404499726203807, -0.6876609043756475
0.18623175787826218, -1.343343827961627
0.3911952866546119, -0.4300716429619924
0.14356234177649055, -1.0243293575564267
0.4775917375083904, -1.196709569223992
9.935964381037838E-5, -0.13399707378008346
0.419816399940501, -0.8911082084008053
0.15903788798740012, -1.1359332125671686
0.8094384061670992, -0.8047231542226917
0.513522803155476, -0.3582372187086259
-0.05267491129939451, -1.02132602904549
-0.09035628893974776, -1.0674320088930767
-0.013357930903628745, -1.2670525589656447
0.04585043595727878, -0.7670509922631874
-0.26042385718034583, -0.9443115353023942
0.14022771379100854, -0.9956751952442618
0.05254418671270801, -1.089068982177893
0.2062297200758918, -0.8329546152281453
0.1406154192327842, -0.7904446185323477
0.486516949653246, -0.986931278500723
0.03938252579115825, -1.1509170306695733
-0.13218138036678984, -0.7956681353738717

