-5.240745189771917, 0.4131378991433245
0.1795933663383579, -1.021696523933359
-2.259203687165125, -5.276154949260044
-1.2661273873233334, 4.446583081506908
11.239315316948245, -3.7325977950438998
1.5229254502510057, 3.543794154562801
-8.832056683726334, -1.5358985760751778
0.27019991665782855, 7.366483506524423
2.39182715954545, -2.801568791166532
-2.167053772642631, -9.848977971148267
-4.565445473989028, -2.7788998750902842
4.6619948553219634, 4.943754384599757
1.0658006466918633, -6.345251120915432
3.7189863981741014, -0.8795374716162727
0.182848676777897, -1.0307228648005555
4.45013523972899, -5.515452599045936
-4.568736646427189, 6.9707815448379105
7.35229378017216, 0.7910389952971973
0.14091324061346777, -3.2443513920073115
-6.608979519051735, -6.462299760577738
3.426514831690166, 1.5795023315902985
-3.9682947895256815, 3.2181245091441695
-1.7033850735551492, 1.5790205923782725
6.777061357980239, -2.8308114871709478
0.04846593019438194, -0.9970560659398667
3.360824712660321, -10.726624380745983
-1.855686893092022, -2.149063770196223
8.593218401317568, -8.605071493706882
-8.122951480984758, 3.545218339192724
-2.703320029788692, -0.12106525930347845

