0.4285431836931106, -1.2384628863485863
-0.14297418154467195, -0.5430033942379336
0.13301916672651687, -1.0746370280461763
-0.18660710617740267, -1.0322825375773346
-0.40456273547952015, -0.5226817091285478
0.14052019241086802, -0.8686335667561071
-0.25832478417568105, -0.5842837791905607
0.4743333888116732, -0.9489504265697299
-0.005770751401045817, -0.9171681817165518
-0.526983359687109, -0.5074126276725289
0.2992678552025131, -0.7587272352057376
0.24624855095833845, -0.9306139494692468
0.3374021371709928, -0.7508975491176278
0.4399278368106599, -0.9218536585446995
0.13057545432802842, -1.1142138425121562
0.4913557299029852, -0.8086119125304776
0.315619085397229, -1.3924549599939118
0.6261714233412502, -1.1252834243329637
0.1854968698280593, -0.7486249138733325
-0.09813108913110258, -1.1090289928857997
0.3405817348184793, -1.2251677592148458
0.11703326592117817, -0.6489053018920692
0.29248888929982686, -0.9035145934693685
0.30349140672991604, -0.7425736473322486
0.37545346912938427, -1.4612152024293605
0.6971712798050611, -1.173674233704899
0.2812419287503181, -1.227259220257774
-0.0016704898055232905, -0.8425030866929908
0.4809283837089716, -0.9429876661661626
0.2806521327972065, -0.9401074486125958

