2.3946260348571573, -2.800129007866862
-2.703320029788692, -0.12106525930347845
0.3753480579310871, -1.0974534388807125
0.10550826035355021, -1.063389986878063
4.108182782347441, 5.406054592158206
11.158501494470707, -4.07290749964953
7.271450669566727, 1.036161068260432
-7.957059517109808, -4.266564124894154
7.763807175788952, -9.162894183854414
-1.3080669232016575, 4.4437259728891005
-3.9953018627255257, 3.194304009430221
-2.181897753451671, -5.3228905128652535
-8.781125777148217, 1.4449055682225833
1.1789869146137617, -6.349144971871834
-5.98683369770201, 6.10157257580009
3.720038055902435, -0.8698229952165084
0.14091324061346777, -3.2443513920073115
0.31552894071112114, -1.1410854546664457
0.1567281899581412, -1.0728378274768555
-1.7033850735551492, 1.5790205923782725
1.4961096784986705, 3.5683286566096837
-5.242866057190741, 0.3768137218293056
-1.855686893092022, -2.149063770196223
-4.5322430448008015, -2.8353483145294534
-4.045017670233532, -8.79615286473367
4.573125806478864, -5.434745348110619
3.4066975912958823, 1.5958352709800063
6.848390099376033, -2.656729013024804
-0.8951231519225837, 7.530352177720128
1.7777337839582126, -10.741851351410189

