11.057593103056591
6.156872696383588
5.105444505206732
4.645694769144888
4.283106073454849
4.040165311118199
3.6488696466684365
3.4279432543554518
3.184582235599915
3.068517178497592
2.824815513965444
2.717753269871178
2.671249580323926
2.6436353228426164
2.6322629721031476
2.621213031752743
2.5869176317962164
2.552546644184772
2.49489553175177
2.473139772840384
2.419235022980287
2.311939224888611
2.2571488612809527
2.229733738416987
2.200985105052796
2.1927608619712324
2.1864964829740217
2.1811879358676736
2.176418596041521
2.1717258073179595
2.1675686315577742
2.163711952276679
2.1601567030085933
2.135939380964545
2.1302874293784715
2.1253868576973556
2.1209862362700984
2.117269159069057
2.1138230871528534
2.110280768854452
2.107092453192524
2.1045341325329483
2.1020393104073913
2.099579187863415
2.097579196643735
2.0954726575961793
2.0934134288507633
2.091525271117296
2.0897537053428525
2.088009603412753
2.086445541289349
2.084817623608636
2.0832053281544467
2.0816463366941202
2.0802011910009917
2.0788638946635825
2.077409156187124
2.07615429407217
2.0750768170128313
2.07403297668026
2.0728031800951836
2.071465264300813
2.07030930795269
2.0692349030371635
2.068246801102116
2.0672419808517706
2.0662659809334056
2.0654932459897593
2.0645682575542765
2.063698039282584
2.062766100700411
2.0619478027769826
2.061061663426485
2.060385900917098
2.05968653453219
2.05895503597386
2.0582419520401967
2.0574733525043682
2.056749842607355
2.0555711059654156
2.0374776771415513
2.034568096143247
2.032213076291148
2.0302617217913355
2.028604305417469
2.0271509618201744
2.0257551661623667
2.024333360443952
2.0229203103571725
2.0216337680549046
2.0204429333980074
2.0192042163169925
2.018106155704802
2.017081836946604
2.0160346025698543
2.015063009544546
2.014097866513598
2.0131866705350334
2.0121472842141905
2.0111389464595266
2.0102702254878917
2.009384821005994
2.0084858554095337
2.00745039790622
2.006313262414222
2.0050196337037027
2.003372812633094
2.0011658637543466
1.9981494176256824
1.9943741577788445
1.989462907896382
1.9826424344954343
1.9729559728028234
1.9631607772403241
1.9541697193417116
1.9447165009294516
1.9299162361967728
1.9001699482113683
1.8706452929864645
1.8626058149029951
1.857158107825965
1.8529796914765688
1.8492120336479525
1.8460264687819166
1.8428891344353484
1.8401800155171997
1.8379313341571046
1.835522944279092
1.8332965712040925
1.8311227011148428
1.829161847361072
1.8271129851632846
1.8253684560085615
1.823487100793455
1.8215467226216624
1.8196817581136044
1.8183021032210402
1.816662350980383
1.8151804153315403
1.8138044416055903
1.812457110582954
1.8112601532391719
1.810099318995787
1.8088783238808428
1.8078333455448092
1.8068940615977258
1.8059949714097632
1.8051616777178412
1.8044456792848436
1.8038281120215247
1.8031345491175994
1.802539105260785
1.8018956609597845
1.8013387357396289
1.800581288839703
1.799838133195968
1.7990869783487546
1.7984228817855263
1.7978178157248859
1.7972910082019964
1.7963289066374608
1.7772715570733162
1.7746437217161537
1.772771077179723
1.7710364639342326
1.769685576531534
1.7682436153878784
1.766942569518416
1.7658092057369583
1.7647041713109508
1.7637292821989536
1.7628745822923182
1.762051275520263
1.761284123947401
1.7605144126518382
1.7596666335537312
1.758928467459096
1.7581761750178324
1.7575033369450594
1.7568968829749396
1.7562468183374504
1.7556199820479022
1.754995085414139
1.754332901760352
1.7535681935389253
1.7527304727127648
1.7520427283116717
1.7514460092997943
1.7508413224206554
1.750194940927609
1.7495751451900743
1.749029777105539
1.7484376104833321
1.7477987047563925
1.7471128124709487
1.7463957365442528
1.7457607976908733
1.7450318833444187
1.7443202750696942
1.7435776287163829
1.7428211117554737
1.7421352676190072
1.7413780133635766
1.740629601138979
1.7399042396360143
1.7392663922614233
1.7385615956230505
1.737942187846231
1.737236332990363
1.7365019940968167
1.7358403410957521
1.735027499212546
1.7342788718799529
1.7336000843927533
1.7329132251880688
1.7322461860774383
1.7315979051788628
1.7309820767692004
1.7303800997875511
1.7297960497534637
1.7292599883436892
1.7286648511735068
1.7280489643694146
1.727480109710646
1.7269823909558564
1.7265551005473172
1.7260219313664162
1.7255634736712793
1.7250864917123687
1.7247035862742404
1.724270962484226
1.7238341653390872
1.7233501541809204
1.7229136875893658
1.7225693478042965
1.7221937389290183
1.7217320810974572
1.7211918737373941
1.7207317535800175
1.7201783585879185
1.7196224454423776
1.7189407059346289
1.7184623838319217
1.7180354936918112
1.7176283528960605
1.7172395246912187
1.7169383768195003
1.7165907808163658
1.7161931095073033
1.7158351655401807
1.7154648340995808
1.7151794281084924
1.7149442533337198
1.7146895631632415
1.71445016342459
1.7142034825031454
1.7139451443217866
1.7137335915730716
1.7135661987405932
1.7134170177917236
1.7132683283199004
1.713103204186197
1.7129422297603862
1.7127800718264374
1.7126031801114487
1.7124183220661897
1.7121854681074893
1.7119483191305738
1.711739205008714
1.711509548802343
1.7113420661143122
1.7112017046096706
1.7110790580470867
1.7109228870439839
1.7107635226386795
1.71063201473989
1.7099517719086026
1.6886132326496668
1.686670174522053
1.6855431842672781
1.6845205050123553
1.6836543254253225
1.6828505732143781
1.682111106175958
1.681541161605663
1.6810636260753553
1.6805302641435533
1.6801373013466887
1.6797267268385254
1.6793626679013196
1.6790306852883659
1.6787256517854112
1.6784534691414945
1.6782066497366745
1.6779541613516973
1.677724126276091
1.677499228508136
1.6773103686421025
1.677139396860896
1.6770033728540321
1.6768315713817556
1.676648808346257
1.6765092651982687
1.6763502834627921
1.6761762722840627
1.675999098216714
1.6758211759742414
1.6756872570240684
1.6755837162122844
1.6754324170849668
1.6752953473835037
1.6751469392559724
1.6749811645321901
1.6748292745551836
1.6746432625843233
1.6744561800633306
1.6742505810536403
1.6741033270277699
1.6740109279132247
1.6738710580848062
1.6737123596199155
1.6735444614735846
1.6733808475798324
1.6732179525683641
1.6730149203119504
1.6728274581093683
1.6726247559130403
1.6724244992218185
1.6722412785913363
1.6720440942833932
1.6718914699986147
1.671721883635723
1.6715216766268197
1.6712963899753126
1.671077575556643
1.6708873951893264
1.6706878921718635
1.6705328114062388
1.670348294695329
1.6701441463848126
1.6699516499473226
1.6696963969944747
1.6693758202359488
1.669111796486652
1.6688604762946266
1.6685732521027015
1.6682107355582543
1.6679442552869999
1.66766475770388
1.6673322000937234
1.6670249710034764
1.6666728354632003
1.6662825362191946
1.6659053543049345
1.6656066756361236
1.6653353761280643
1.6650312639669298
1.6647209382346748
1.6644432175761237
1.6641751358124321
1.6638461101174362
1.6634799917170495
1.6631715976973898
1.6628890216645853
1.662631605824877
1.6623742502593697
1.6620484599311065
1.661774588043158
1.661541997960295
1.661280488792838
1.6610004937681937
1.6607526182045145
1.6605049913998196
1.6602970367211651
1.6601083711260405
1.6599123004166512
1.6596966187675941
1.6594831646575094
1.659269209837785
1.659069096658283
1.6588893895764436
1.6587252734258622
1.6585313182531627
1.6583162293648737
1.6581328780022446
1.6579520417704066
1.6577659469525123
1.6575761765469281
1.657405075786932
1.6572872226662763
1.65717402760759
1.6570451113282139
1.6569024474967293
1.6567497252797854
1.6566000291435372
1.6564421933907925
1.6562567946144333
1.6560852746736072
1.6559341080656358
1.655793293540351
1.6556702427471715
1.6554907685238174
1.655319383950929
1.6551765161103644
1.6550161947647233
1.6548572660908816
1.6547320693186498
1.654631685026505
1.6545061376483219
1.6543619995908008
1.6542053511184909
1.6540710617072742
1.6539537371924122
1.6538218971355083
1.6537210357265402
1.6535684578153504
1.653418649636639
1.653288145475888
1.653155991612548
1.653026503889207
1.6529067210002133
1.6528200873947565
1.6527304116924983
1.6526120584139317
1.652491210936117
1.6523660967908014
1.652216998712131
1.6520532669649266
1.6517838118467065
1.651410814486384
1.6503769478756483
1.6481908756895192
1.643642806607481
1.637207765418341
1.6298517171943119
1.623208556891879
1.617226783577708
1.6118583952897307
1.6072460005375662
1.6029710436680746
1.5994471027290482
1.596137875609268
1.5930468543588407
1.5902288587648599
1.587664492499952
1.5849891918181553
1.582361727670749
1.5799224008498232
1.5776072410852022
1.5756395026018513
1.5738263790135318
1.571936504473297
1.570090185065106
1.5683308364004387
1.5668271556313396
1.5654853441236034
1.5640922679497582
1.5625696269998386
1.5614166038127175
1.5601783449790496
1.55893486608419
1.5575992918799701
1.556491306397499
1.55550656338076
1.5545961073523114
1.5537500355478975
1.5529638826320762
1.5521019176056479
1.551268560289737
1.550439374288653
1.549619925614297
1.5489043438865453
1.548099749949848
1.5474152840567559
1.546722859330041
1.5461341160732356
1.5454542780787297
1.5448207506920444
1.5442791978957249
1.5436021300119493
1.542942768208324
1.5423211578899723
1.541717542971927
1.5412235373030598
1.5407022522178813
1.5402926259847884
1.5398445837779284
1.5393036515160408
1.5388266130854324
1.5382398859721598
1.5372165933534743
1.5140831266666714
1.511738426011455
1.510295220405826
1.5090928424015375
1.5079914344522232
1.507094999978524
1.5063103454129851
1.5056604595822574
1.5050961497958646
1.5045151032244475
1.5041321900178526
1.5037266491775476
1.5032239079209773
1.5026977142625935
1.5021764167995917
1.5017186023544593
1.501238604160696
1.5007964675813865
1.5004166102712797
1.5000588743423435
1.4996994487173523
1.4993588021906623
1.4990063844031933
1.4986003462046074
1.4981210753261005
1.4976222467503033
1.49724551364499
1.4968812057136611
1.4966298180637088
1.49635289131275
1.4960452758155178
1.4957566745342377
1.4954010921566792
1.4950630160129903
1.4947739357510237
1.494507487535844
1.4941628214824663
1.4938592494060343
1.4935382964144857
1.4931785431109261
1.4929047303892187
1.4925657765377909
1.4922834880534719
1.4920176664527467
1.4917521014783492
1.4914595282905738
1.4911384205080522
1.4908165358729526
1.4905295967241816
1.4902198067203711
1.4898975978155857
1.4896877459449969
1.489426120081303
1.4892058581522933
1.4889367253989816
1.4886390618076542
1.4883527774870633
1.4880832253712943
1.4878219012256135
1.4875334572588204
1.4872524435855095
1.4869485677861631
1.4867013011585553
1.4864618639425304
1.4862982664170867
1.4861123721500227
1.4859388333261334
1.4857201066195203
1.4855064546964922
1.485289055166963
1.485013920920391
1.4847964922373234
1.4845928582816794
1.484388309750479
1.484181532254545
1.4839609904991846
1.4837350568954943
1.4834969810004819
1.4832615018773876
1.4829995026973628
1.4827097894536454
1.4823593428624933
1.4819419810455494
1.481672508911099
1.4813422112819066
1.4809563747617442
1.4805630673613768
1.4801410629363634
1.4797333738596872
1.4793951728316739
1.4790284140159182
1.4786612079380896
1.478311342676678
1.4780187325299328
1.4777113384078568
1.477404394074553
1.4770924665986902
1.4767396496627363
1.4764821279501963
1.476189706274847
1.4759239741229682
1.475645635019618
1.475414454871953
1.4752223104387108
1.4750231122487227
1.474792697639455
1.4745515531735787
1.4743154474872486
1.4741162381935828
1.4739570483561615
1.4737993624119858
1.4736239479948074
1.4734199819485767
1.4732497979722645
1.4730754353540423
1.4728966240437074
1.472697514915255
1.472477520033847
1.4722720030992058
1.47201123900652
1.471803770885114
1.4716170139683606
1.4713833934094283
1.4712505050208122
1.4711050387447742
1.4709273787178552
1.470742668274615
1.4705522758902692
1.4703549672204614
1.4701640029241556
1.4699554536961525
1.4697894151187616
1.469646965033563
1.4695062509277086
1.4693408573389029
1.469197464337082
1.4690764683097857
1.4689624455961474
1.4688285354979258
1.4687325247084349
1.468565454235196
1.468386966853614
1.4682203653881105
1.468070374025711
1.4679456609419708
1.4677848416386
1.467654808784851
1.4675202498906315
1.4673543430137415
1.4672509425088098
1.4671457792984055
1.4670498297948522
1.4669745974184523
1.4669044844278856
1.466823088247342
1.4667665129892802
1.466706926076318
1.4666572661814319
1.4666278922197706
1.4665930993419232
1.4665453372115775
1.4665040689960729
1.466449972537622
1.466357534339603
1.4662740262545684
1.4661973169844391
1.466115021575314
1.46605773466562
1.4659953134878947
1.465930978971494
1.4658746910323412
1.4658077421583198
1.4657133412250187
1.4656003428043838
1.4654595357287448
1.4653593611492075
1.4652732311681362
1.465188361691562
1.465115180003398
1.4650701135177127
1.4650325382101408
1.4650083244411978
1.4649835863893381
1.4649460164958306
1.4649141599616151
1.4648804841492633
1.4648375465320382
1.4648034505065346
1.4647670709854272
1.4647217888916815
1.4646836162693166
1.4646543438781299
1.4646108507909232
1.4645567224825933
1.4645137066798755
1.464460930737975
1.464412199349918
1.4643536182070835
1.4643031711997052
1.464266566414214
1.4642346032004787
1.4642132303323088
1.464185682451969
1.4641659986058753
1.4641422689390153
1.4641202136310858
1.4640906940236393
1.464072904206496
1.4640540260694404
1.464029323880562
1.46398895290196
1.463954505731529
1.463931500844509
1.4639100079938918
1.4638963408434917
1.463889198247769
1.4638834149912827
1.4638767430849369
1.463874336966524
1.4638729138587037
1.4638720921138182
1.4638693264409464
1.4638651886429919
1.4638594507486464
1.46384852829761
1.4638478119328322
1.463846767382014
1.4638429853299355
1.4638419430531127
