12.302594048507531
6.532970300401869
4.600009870016269
4.191887783265978
3.9144180513149904
3.6550846398390466
3.310071966087943
3.15171053554034
2.9190213329696113
2.8141274834307404
2.693645996341258
2.5703906217194152
2.5002865709392634
2.4794631305667534
2.4541344593414944
2.429976682476965
2.414360317281159
2.405105976303447
2.3968752254409313
2.368285153469046
2.3577955525762055
2.349356194803961
2.34231431174527
2.3363064017680317
2.331467781421004
2.3272349869397835
2.323646939363281
2.3204435992497334
2.317387672073875
2.3147224701298397
2.3120218356293663
2.3091952624392125
2.306608958534346
2.3040897430705454
2.3016263030316004
2.2991362427296784
2.296745068832459
2.2941165818518257
2.29150311956976
2.289045073440454
2.2865366742474693
2.284041146779501
2.2814572128733164
2.2791108607583532
2.276704455918488
2.2742975651769974
2.2716182425680205
2.2690122510723305
2.2665180366288613
2.2637833228310926
2.2613978416043086
2.258975372749054
2.256641851724774
2.2543017476249063
2.2520063173458205
2.24964138372327
2.246984747836684
2.2236941353269843
2.2190178921870487
2.215049875374604
2.2115552491420756
2.208161164268135
2.2052986241401644
2.2024497356463364
2.199748507748027
2.1973975960021
2.195180737617448
2.1929813182882603
2.1907032971495926
2.1885329299163905
2.1865431669522812
2.1845975714694834
2.182753568715091
2.1808782663691884
2.1790478650785228
2.17717198181622
2.175370267880911
2.1737874647457507
2.172281565333844
2.1708899856218244
2.1695167808331393
2.1682160554250354
2.1669228803283462
2.1656781884711793
2.164280597633086
2.1629225706559394
2.161794682500685
2.160709213943809
2.1595449241199236
2.1584597485318606
2.157304773761581
2.156237064041376
2.1552293249376184
2.154140326185652
2.1531874717805133
2.1523360286382216
2.1515358608985347
2.150759068708964
2.1499728208571107
2.1490453986448856
2.148189622066851
2.1474622875636458
2.146889617645558
2.1461946870879567
2.14560049096822
2.1449873970600404
2.144442629296265
2.143807496281871
2.1429659962556884
2.1421453113521456
2.1412719509590588
2.14037945329897
2.139522704738484
2.1380499199700767
2.1158470314684865
2.111395367733092
2.106885028022929
2.101740962288464
2.09584725648376
2.089036655268558
2.0806107680885737
2.0716588781093117
2.063897316784179
2.0566096579601143
2.0496663478468147
2.041397773650932
2.013945020898251
1.9601041972869224
1.912695206758551
1.9052396271782226
1.9006722486593568
1.8716220875532374
1.8665189878760902
1.8631182510223039
1.8599335763092921
1.856953762653042
1.854510696321812
1.85192525026185
1.8493019425945243
1.8470440736680087
1.8448632677413979
1.8425916082648541
1.840436845030157
1.8386261497431255
1.836908871907612
1.835178252585165
1.8334274571692972
1.8315950952858417
1.8299672388031996
1.8283732133993453
1.8267572373254757
1.825327731331297
1.8239153444432064
1.8226741017878783
1.8215889408097974
1.8204969685092882
1.8193455082778223
1.8180953155148145
1.8169171930466614
1.8157697024396702
1.814896182804464
1.8139721766067192
1.8130208757950432
1.812160104161553
1.811344013174002
1.8104818837831873
1.8096136148925024
1.8088950488228401
1.808042263643845
1.8072696945324034
1.8065887498518218
1.805951281210996
1.805269741891355
1.8045666241360205
1.8039681411729045
1.8032172239005184
1.8024852559488553
1.801790526845014
1.8011881372357554
1.800574070301697
1.8000158554307821
1.7994289541739326
1.7987633264974978
1.7981544858575174
1.7975873179725859
1.7969960702758425
1.7964268013405515
1.795848363527851
1.79526701106901
1.7947781298867855
1.794411061154999
1.7940589847223343
1.7937353994225247
1.7934057966605568
1.7930007137298067
1.7925132782590447
1.7920701214828012
1.7916689363642782
1.7912821728286359
1.7909932708779386
1.790704556967226
1.789855665983614
1.7682882326793707
1.7661535974075133
1.7646257048567335
1.7633788697546458
1.7623159661900445
1.76133133158893
1.7605857382021906
1.7599690789948759
1.759404579393972
1.7589015290745835
1.7583746468936836
1.757888658141089
1.7573477561467112
1.7568715549622878
1.7563706560099228
1.7558173364723133
1.7552974196157731
1.754792526528374
1.7542129349906577
1.7536717605216072
1.7530853150967742
1.7524476641486963
1.7518647134134269
1.7513071444246853
1.750775449048858
1.7502299225754199
1.749697840103239
1.7492237473946468
1.7487486366073048
1.7482639064003764
1.7477038293060296
1.7470256980525374
1.7463168807409595
1.7455190557591016
1.7447617515794311
1.7440149893475794
1.7432610898505183
1.7425175570926683
1.7417512051675306
1.7410729428544287
1.7403163857108033
1.7395983312081862
1.7389257284657638
1.7383477914958931
1.737710236734963
1.736984336225925
1.736321703651037
1.7356199897775335
1.734946149466207
1.7342950150957892
1.733596695067827
1.7329206558862238
1.73234750460578
1.731845375363484
1.7313684861416838
1.7308434870809506
1.7303129415906104
1.729754893475175
1.7291573739707211
1.7286082517277914
1.7279840888848113
1.72736728403792
1.7267611547330897
1.7262431743202316
1.7258406473864238
1.7253919902256631
1.7249400903475172
1.7245030422320085
1.72397656138539
1.723517117194823
1.723064530438108
1.7226181924529853
1.722214548840333
1.7218402348330728
1.7214512519175644
1.7210497236538442
1.720642329502085
1.7202166100567742
1.7197784610163362
1.7193601885923178
1.7189012333026978
1.7183967776423412
1.7179024570600878
1.7173279849946101
1.7169516010123684
1.7165728169727807
1.71617799798089
1.7158120032481758
1.7154704831686052
1.715196272596365
1.7149040960600523
1.71464348888338
1.714350269920881
1.7141163028795408
1.71386455127683
1.7136576864097326
1.7134268391067489
1.7132332693516619
1.7130722695341367
1.712914739385145
1.7127524375658307
1.7125640471830381
1.712363556750748
1.7121398432425121
1.711931557108022
1.7117086762298572
1.7114571194087471
1.7112815229347078
1.7111624184442769
1.7110140336835586
1.7108481315395534
1.7107036829316915
1.7105682246642868
1.7104375893784094
1.7103160464806646
1.7101916276647775
1.7100816247249935
1.7099848453343307
1.7098437695298199
1.709724937596189
1.709601096190593
1.7094822185666878
1.7093455960401938
1.7092085443096297
1.7091030859649305
1.708996825542281
1.7088852785589816
1.7087693347493838
1.7086756063263915
1.7086026782205475
1.708538576515308
1.7084611525233977
1.7084273586899241
1.7083870505773477
1.708355644504344
1.7083189054769377
1.7082894948332301
1.7082487486516227
1.708210955730021
1.7081661526274303
1.7081352719367482
1.7080991309203524
1.7080505233319692
1.7079967401402785
1.7079478286121892
1.7079101539579578
1.7078763252941669
1.7078216973211033
1.7077814151255946
1.7077484854188938
1.707737368996371
1.7077270898939378
1.7077210920247456
1.7077160137189704
1.7076990402964562
1.7071187017169047
1.6832710526452626
1.6815101556770922
1.6804498537636907
1.6796339053048859
1.6789660603809706
1.6784472925085208
1.678025005521203
1.677704586200057
1.6773823055283876
1.677141703265532
1.6769155707456052
1.6767106822190956
1.6764989121498053
1.6763283259432076
1.6761614894806538
1.6760045764340128
1.6758206468901677
1.6756949543701696
1.6755843105546078
1.6754642794640746
1.6753034222882175
1.6751280808482858
1.6749800564517907
1.6748488968163564
1.674710302574271
1.674558275649658
1.6744260532450204
1.6742878095590203
1.6741249187428933
1.6739400808260474
1.673739571211596
1.6735646873582348
1.6734003893922629
1.6732212725831592
1.6729781676648785
1.6726901702120842
1.6724437026886834
1.6722095614596801
1.6719831007399175
1.671751501576922
1.6715422677021943
1.6713662389478985
1.6711754625140403
1.6709793227964826
1.6707392559953433
1.6705340045828267
1.6703251261822483
1.6701093834155916
1.669875260915461
1.6696478509594388
1.669356952189708
1.6690981675042826
1.6688310238626491
1.6685320525821403
1.6682084855569719
1.6679527345625313
1.6676581951410874
1.6673377474698063
1.6670261897223233
1.666642034565366
1.6662605585455152
1.6659139463817396
1.6656211357917994
1.6653353320586703
1.6650083785531657
1.6647150204537826
1.6644527932005826
1.6641794224414197
1.6638392936792086
1.663422823413719
1.6630467575536958
1.662796277968372
1.66252171368768
1.6622521080043018
1.6619688414283016
1.6617119461463463
1.6614708759692214
1.6612302906425047
1.6609903250995597
1.6607227467793557
1.6604745230411477
1.6602492448045518
1.6600517776064247
1.6598734635652748
1.65968501695903
1.6594753630917312
1.6592745309270795
1.6590555329014
1.6588646867903787
1.6586856421832092
1.6585170231092132
1.6583274473550504
1.6581082700489584
1.6579402303014263
1.657778087605775
1.6575906765582993
1.6574296764085612
1.6572884216268158
1.657178370806213
1.6570547491822665
1.6568918829716068
1.656751310657787
1.6565913539373829
1.6563939126325546
1.6562429559526237
1.6561033374861756
1.6559337373300884
1.655804411445801
1.6556426056226456
1.6554682484233598
1.6552993483989502
1.655126877129458
1.6549637896887386
1.6548122924049047
1.6546893757848768
1.654596561802417
1.6544817518103212
1.6543177301219094
1.654183648262775
1.6540554160530778
1.6539197560909866
1.653775494544144
1.6536275279083463
1.6534861767534097
1.6533432543002877
1.6532229756227468
1.653103260441124
1.6529853216375927
1.6528851221667031
1.6527890441698716
1.6526895199975198
1.6525326328896663
1.6524051368407
1.652249957396371
1.6521053576522808
1.6518499197272374
1.6514686002858536
1.6504440460223566
1.6482376274147974
1.6436934969530281
1.637276026763998
1.6299421088762152
1.623293953221424
1.617290552331963
1.6119234775196392
1.6073277173945224
1.603054566229056
1.599508483999438
1.596197854421774
1.593091980795645
1.5902594997941506
1.5876888836735639
1.5849726633403187
1.5823977785932741
1.57997506098514
1.57765958783564
1.5756848170709292
1.5738283683456649
1.5719378360032776
1.5701494726246987
1.5683642759827803
1.5668044473944263
1.5653726316736318
1.5639449736924944
1.562462309409562
1.5612802536000936
1.5600736938071587
1.5588332934119098
1.557526215096328
1.5564497026119344
1.555471071999226
1.5545376862682065
1.5537227800522946
1.552922889816252
1.5521031701220847
1.5512706785012766
1.550441259229364
1.5496225572477575
1.5489055827202058
1.548099749949848
1.5474152840567559
1.546722859330041
1.5461341160732356
1.5454542780787297
1.5448207506920444
1.5442791978957249
1.5436021300119493
1.542942768208324
1.5423211578899723
1.541717542971927
1.5412235373030598
1.5407022522178813
1.5402926259847884
1.5398445837779284
1.5393036515160408
1.5388266130854324
1.5382398859721598
1.537752141116067
1.5372982973396423
1.5368369337153647
1.5364367238272203
1.536084084474753
1.5356589667111622
1.535263796323039
1.5348597558443553
1.5345380870617156
1.5342426103701488
1.5339049795801392
1.533678971636909
1.5334438363904344
1.5331415121193717
1.5327824991918484
1.5324078807634893
1.5321176644365573
1.5318235270888922
1.5315146098007517
1.5312459075137097
1.5310017198001118
1.5307470739812548
1.5305204795921206
1.530265419619573
1.529970627085408
1.5296270282338984
1.5292626760058219
1.5289700615163428
1.5286796009552477
1.5284777047380032
1.528278059174083
1.5280531238699926
1.5278261586053234
1.5275318390883423
1.527286797534368
1.5270845355796752
1.52687822581896
1.5265803950402177
1.526315127531049
1.526009538663891
1.525679648207537
1.5254593126037177
1.5251933815203071
1.5249727590343534
1.5247506561681197
1.524601471534925
1.5244113329366193
1.5241773634559448
1.5239791649711474
1.5237414385809995
1.5235431446082164
1.5233790022262976
1.5232920574033797
1.5231634876420492
1.523051259173379
1.522949566103876
1.5228344678966095
1.5227076832221214
1.5226309810009826
1.52254443756943
1.5224139720382694
1.522295730928151
1.522179093024897
1.5220716220454764
1.5219522739329063
1.5218612945618968
1.5218030771904225
1.5217357066275397
1.521684671801923
1.5215923467773163
1.5215236264185008
1.5214562680721102
1.5214256230797836
1.521397346344974
1.5213806462216766
1.5213510404688664
1.5213200043648425
1.5213036074914834
1.5212799310906873
1.521258944917784
1.5212418064185378
1.5212272801352542
1.5211933178312167
1.5211302895188001
1.5211086878915876
1.5210490564333259
1.520988891245558
1.5209481724066356
1.5209118595814264
1.5208813436117552
1.5208585880014085
1.520853575316248
1.5208443538707415
1.5208244087362581
1.5208174449153622
1.5207935734839393
1.520783099320237
1.5207693731872058
1.5207492931012707
1.5207308878577819
1.5207093315032454
1.5206854695596657
1.520667640446014
