10.534279893571076
6.271542407631288
5.184406498522482
4.727713155709654
4.364315833145001
4.13820974697607
3.9331253919826463
3.683088314584632
3.555542436645001
3.371149874846371
3.06128852767387
2.8803286874524368
2.715504639548327
2.6399403346219454
2.5967113352918707
2.5664919579580348
2.5526520903241416
2.53926616626718
2.5018289136884344
2.4708620130808163
2.4158495791622907
2.3444573987860795
2.292827699769994
2.2129430390104297
2.1722904457436196
2.155525181918853
2.1418018604551237
2.1275386912142165
2.1087235248347866
2.08510331316735
2.059749557891492
2.049234202773681
2.0431499988884028
2.038278531316209
2.033418144619802
2.0288387046758563
2.024527702625907
2.0205084241670708
2.0171199314764685
2.0139390741799392
2.0108633155570605
2.0078141717194145
2.0047437386883336
2.0019215505642194
1.9991520506910359
1.9963892439048756
1.9937585007099883
1.9913114258276354
1.9888124287139501
1.9859763426895596
1.9610597992309144
1.956735279268699
1.9534733889954339
1.9502200488683008
1.946975146169696
1.9437433320852684
1.9409064265961056
1.9382729277584265
1.935837984070065
1.9334062534700682
1.9310347048580347
1.9290282643745014
1.9271451200548064
1.9255233729463652
1.9238748505396448
1.9221901008783917
1.9205761326042208
1.9189512144076477
1.917456934657172
1.915964059348719
1.9147355926016898
1.9134926468040208
1.9124079611180729
1.9112403981072472
1.9101802379696673
1.9090895082706636
1.9080573137666714
1.9071348778442363
1.9060673392080774
1.905119350611078
1.9041230184142048
1.9032282427087033
1.9022613534205652
1.90127177448183
1.9004915593070861
1.8998778822122058
1.8992009050744116
1.8985255282061608
1.8978751340457911
1.8971324949415371
1.8964356087621586
1.8956882243037558
1.894881617639782
1.894097301575712
1.8933731797562396
1.8925216762630495
1.8916081064154666
1.8907112084186097
1.889780527817451
1.8889497265752573
1.888045130941249
1.887137095782566
1.8862455885761935
1.8854481313175875
1.8846251633364428
1.8838088630790466
1.8828584085851034
1.881772185546646
1.8807555228806927
1.8796514420491919
1.8784801829685236
1.8772410366204137
1.8760433448882314
1.8747100736788251
1.873574504100806
1.8723253711886638
1.8711904607038599
1.870149499707987
1.8691303328007873
1.8681399491024577
1.8670179117223809
1.8659987585870015
1.8648736534089396
1.863882561669569
1.862851401720285
1.8618907377584102
1.8610039487736605
1.8600541742980714
1.8591689215005114
1.8582972040378671
1.857334053654118
1.8564703943026335
1.8556435651430485
1.8543034999471801
1.8288672138405997
1.8258632589646258
1.8236630146122064
1.8219792345885868
1.8204395719506654
1.8190196202660671
1.817783086590567
1.816510397802473
1.815333785223918
1.8142167425937406
1.8130984033821922
1.8121138039251379
1.8112245800932312
1.8102727069398086
1.8094488031924134
1.808746570576524
1.8080025119910434
1.8073133025107717
1.8064503441193105
1.8057233713390912
1.8049728744943676
1.8043551076504358
1.8037568504989119
1.803111240897401
1.8024880537098091
1.8019388146096638
1.8014233921788774
1.800880820147648
1.8002920152286919
1.7997398413195267
1.7992489717423046
1.7987497027116965
1.7983205254093126
1.797893481930341
1.7974145836056312
1.7969557236218374
1.7965814237641615
1.7961829947054266
1.7957183459169896
1.7952888158095153
1.7949626580705
1.794682751707211
1.794339237396872
1.7939996318395999
1.7936480045896783
1.7933680191456431
1.7931046815447822
1.792762793828865
1.792505680470264
1.79225651966443
1.792038524617023
1.7918128965205131
1.791555817601467
1.791267209760041
1.7910317254376362
1.7908440295430177
1.790665725154223
1.7905194745636688
1.7903727445742912
1.7902293749385245
1.790094999508882
1.7899485639457238
1.7897906906764631
1.789594708805729
1.7893872347962465
1.7892078881946814
1.7890575256509211
1.7889021857468512
1.78876528524356
1.788603403523917
1.7884225680428012
1.7876287197251528
1.7651658697826516
1.762875135541458
1.7614342425203275
1.760119219283219
1.7589344251417958
1.7579921406180457
1.7572429560891065
1.7564552796314874
1.7557138359901276
1.7550610695341557
1.7543347665876936
1.7536905035272103
1.753077327440761
1.7524810440825913
1.7519808082189123
1.751405298243929
1.7507787492577103
1.7502268578207982
1.7497088868469992
1.7491735426248023
1.7486192012589294
1.7479918688080207
1.747383478983817
1.7467835009650197
1.7461360587521024
1.7455301701867623
1.744867042307551
1.744115425255217
1.7434052838840053
1.7426797651592119
1.7419788801063234
1.7411436955118116
1.740247514493809
1.7394865013803702
1.7387002175013628
1.7378427698554133
1.7370038757352766
1.7362227031206512
1.7354595916388071
1.7347200197874213
1.733837964294124
1.733210232584599
1.7326160678309854
1.732001227239041
1.731402241620043
1.7308385470184349
1.7302575005924639
1.7296514841448647
1.7291061571181838
1.7285456694931722
1.7280112447203642
1.7274488965201595
1.7269476837905724
1.7264325656208734
1.7260589317692931
1.7255606111230646
1.7250109464924117
1.724457534578092
1.7239377380156755
1.7233634972573837
1.72266682588138
1.722105660442941
1.721591178418832
1.7211741992910767
1.720751612200121
1.720337014950718
1.719878999177768
1.719428010792552
1.7189987866257124
1.7185874935624088
1.7181857944299856
1.7178068226672076
1.717505151715928
1.7171729461028158
1.716841575957834
1.716559176405492
1.7162512952625089
1.71593774778806
1.7156186681884658
1.7152981845570954
1.7150420902300123
1.7148390046705135
1.7146071537989853
1.7144045179588967
1.7141924558998949
1.7139451443217866
1.7137335915730716
1.7135661987405932
1.7134170177917236
1.7132683283199004
1.713103204186197
1.7129422297603862
1.7127800718264374
1.7126031801114487
1.7124183220661897
1.7121854681074893
1.7119483191305738
1.711739205008714
1.711509548802343
1.7113420661143122
1.7112017046096706
1.7110790580470867
1.7109228870439839
1.7107635226386795
1.71063201473989
1.710489192616852
1.7103564914021383
1.7102544072690768
1.7101375892248587
1.710032692620016
1.7099274504566762
1.7097724711724658
1.709644915915703
1.7095325055251154
1.7093885697174214
1.7092308852621547
1.7091357254263595
1.7090112922356202
1.7089145411668765
1.708795791916578
1.7086955676238003
1.7086177947837693
1.708555409333542
1.7084729258603901
1.7084315806125783
1.708398826866968
1.7083681268038058
1.7083273855088843
1.7082975002767093
1.7082635674317153
1.708226223074871
1.7081825646962392
1.7081459170515563
1.7081126520125214
1.7080657618625577
1.7080102539052797
1.707966298271923
1.707918455475756
1.7078829381522573
1.707828960275047
1.7077830888011951
1.7077535793599306
1.70774080369566
1.7077286366264879
1.707722495350717
1.7077160137189704
1.7076990402964562
1.707692520070902
1.7076871400455567
1.7076824997208613
