30.07462012990571
17.162057318543216
16.542389817924356
16.37984084811921
16.323612164020627
16.30170252381538
16.29204144589199
16.286147154888464
16.28198112843736
16.278046706683043
16.275568531780756
16.27321813711241
16.271008313329617
16.2691688445167
16.267626080543597
16.26621395420555
16.264739275177927
16.26377837404515
16.262657039085873
16.261657015444992
16.260989181310013
16.260532721714604
16.260132522228915
16.259707865946556
16.25928206325891
16.2586751136221
16.25822448708109
16.257955336484454
16.257632460928114
16.25741050301554
16.257162230988296
16.256835736508776
16.256552567643208
16.256365941189717
16.256039304348278
16.25581075401973
16.255695412230832
16.25561932929879
16.255518787786173
16.2553720884318
16.255290792767152
16.255151822967846
16.255059816491507
16.254940098306445
16.25483979056494
16.2547826309121
16.254728142827688
16.254707535692564
