12.82253704181484
7.453960847141801
6.09803791420725
5.2721186271143345
4.7940915352741795
4.407677456911286
4.046613459553868
3.770170106886074
3.576868963401598
3.3733371449809844
3.0989334380808256
2.939562281597932
2.866134511355968
2.807196003222607
2.7324715287190084
2.663442244648007
2.5267961306775817
2.431665572633437
2.2677088900020754
2.2487200990159772
2.2445961248951782
2.2416639573736834
2.239328535100281
2.2366189421786062
2.2165470734865194
2.2113858106735425
2.206366030375985
2.198060563514247
2.176991175637967
2.159200164959465
2.150094029050092
2.1209916330768928
2.11207897691246
2.101871975219461
2.08983446985742
2.0768496005738566
2.0644136676732576
2.0530991654861905
2.0429931004582786
2.0340171773708007
2.0246443034275132
2.0138043911145265
1.9966841693598547
1.9839164283507496
1.9716150913361896
1.9620124626287023
1.9570269740628445
1.9528302954159062
1.9491231016283677
1.9460963116582597
1.9431035501770504
1.940482237972919
1.938006994225497
1.9355610260513731
1.9331520765017733
1.9309212710433141
1.9290705969469346
1.9271566829073214
1.9253165254531468
1.923441640198922
1.9218048353540738
1.9201766630526458
1.9185242820665536
1.91677337781979
1.9152534059802806
1.9141318298548708
1.9129089134219601
1.9116165894892057
1.910436324575203
1.9093536733943315
1.9082539423695715
1.907107997393788
1.9058382395819058
1.904564817866892
1.9034194746071011
1.9024711375396004
1.9014061675287204
1.9004394861100293
1.8993298531325966
1.8982536271888302
1.8970828839800793
1.8960358291117718
1.8950031061412853
1.8939845748589166
1.8928988038110366
1.8916940756123073
1.8904846923721361
1.8892038635581447
1.8880703018456664
1.8868595138469646
1.8856813001275476
1.8843218050488237
1.882983724222494
1.8815669093765794
1.8802243060896238
1.8787052607040016
1.8773690947588326
1.8761206557785546
1.874923361819685
1.8737213471425802
1.8724163005696042
1.8707150813967641
1.8484176849983425
1.8447695889760483
1.841945141073656
1.8394117791659508
1.8370536798001649
1.835108440981782
1.8333289746890666
1.8315915908802045
1.8299583002583328
1.828410822237037
1.8267563437996888
1.8251353042168372
1.8237186273896375
1.8224206722754153
1.8211083186842991
1.8198021028107174
1.8185359756969461
1.8172772359412717
1.8161502302212622
1.8150671935119855
1.8139762466292493
1.8129275475087658
1.8118548987595853
1.810874465066016
1.8100455809115004
1.80916966525598
1.8083109956296066
1.8074606552648904
1.8067606281438096
1.8061079314414092
1.8053561393758994
1.8046983756670287
1.8040619230456654
1.8033291748487126
1.8026628661818276
1.8020253513690687
1.8014131754710387
1.800965062424434
1.800497636589162
1.8000081601797475
1.799547034202648
1.799189297333033
1.7988028855876852
1.7983827069208307
1.797977748007054
1.7975424187423665
1.7971012157291524
1.7967603675497794
1.7963472950450237
1.79593587235136
1.7954627560875616
1.795039219140878
1.7946476536869498
1.7943120093494611
1.7940119275769535
1.7936787872406479
1.7933512853469584
1.7930379098498603
1.7927506849917902
1.7925117647959932
1.792224153655185
1.7919282556483664
1.791642336001727
1.7914095226269038
1.790653525899646
1.7705866232625005
1.7682740782830297
1.7667658175967
1.7655256340755847
1.7643771295642887
1.7633407710028135
1.7623878281599572
1.7615745008109351
1.7609256875125796
1.760274196818128
1.7596892754918663
1.759169517820419
1.7586938792001583
1.7581862529554
1.7577256514877375
1.7572766737484453
1.7568770821561968
1.7564274531765474
1.7559148947435412
1.7553497144217534
1.7548176895647492
1.7543073377259997
1.7537856701139765
1.7532215534766769
1.7526142107666136
1.7519947443905115
1.7514516558214979
1.7509304890106083
1.750440396064167
1.7499141368141073
1.7493967034571167
1.7489379885842762
1.7484240431469211
1.7478681187200873
1.747226417535287
1.746507335862904
1.745718245040657
1.7449269291077385
1.7441078567211654
1.7433135232487817
1.7425290696277094
1.7417628644075198
1.7410957635126594
1.740358086358741
1.7396337482866544
1.7389472373610482
1.73839141663503
1.7377303295906927
1.7369928754350539
1.736334882853003
1.7356287071792853
1.734959102361475
1.7343206520992964
1.7336493094402343
1.7329786632360582
1.7323925628583903
1.7318755111147799
1.7314142239481447
1.7308767704945789
1.7303196086216013
1.729754893475175
1.7291573739707211
1.7286082517277914
1.7279840888848113
1.72736728403792
1.7267611547330897
1.7262431743202316
1.7258406473864238
1.7253919902256631
1.7249400903475172
1.7245030422320085
1.72397656138539
1.723517117194823
1.723064530438108
1.7226181924529853
1.722214548840333
1.7218402348330728
1.7214512519175644
1.7210497236538442
1.720642329502085
1.7202166100567742
1.7197784610163362
1.7193601885923178
1.7189012333026978
1.7183967776423412
1.7179024570600878
1.7173279849946101
1.7169516010123684
1.7165728169727807
1.71617799798089
1.7158120032481758
1.7154704831686052
1.715196272596365
1.7149040960600523
1.71464348888338
1.714350269920881
1.7141163028795408
1.71386455127683
1.7136576864097326
1.7134268391067489
1.7132332693516619
1.7130722695341367
1.712914739385145
1.7127524375658307
1.7125640471830381
1.712363556750748
1.7121398432425121
1.711931557108022
1.7117086762298572
1.7114571194087471
1.7112815229347078
1.7111624184442769
1.7110140336835586
1.7108481315395534
1.7107036829316915
1.7105682246642868
1.7104375893784094
1.7103160464806646
1.7101916276647775
1.7100816247249935
1.7094347682831263
1.6874733762800738
1.6855895194458903
1.6844213630663478
1.683383754461378
1.6825865825285549
1.6818879304518455
1.6813140311494266
1.6807742529836727
1.6802597617689847
1.6798064372470625
1.6793744954883583
1.6790137765309294
1.6786584597113121
1.678360728516268
1.6781381599215013
1.6779091046013146
1.677692433070593
1.677512108310615
1.6773427958323839
1.6771649670209503
1.6769795656015642
1.676798342149665
1.676641689424028
1.676467651324505
1.676334012442475
1.6761763382760244
1.6760071894009132
1.6758245122863733
1.6756371690525296
1.6755146021110814
1.6754011140087521
1.6752637802498183
1.675121295754077
1.6749646357270311
1.674780897202328
1.674613911657421
1.674418535038066
1.6742704456598163
1.6741349670024366
1.674027268064737
1.6738968366802
1.673734693962631
1.6735812830808028
1.67343749571649
1.673269131839313
1.673058374548111
1.6728377183402452
1.6726332787632197
1.6724227611751195
1.67220926075071
1.672020151886241
1.6718629820755708
1.6716702938602084
1.6714682258199232
1.671219144760284
1.6709954176371062
1.670780891669637
1.6706371653407646
1.6704748842816382
1.670273893080212
1.6700672098869505
1.6698446165477792
1.6696028843537603
1.669309914033495
1.6690325753288406
1.6687974632553235
1.6684665422977352
1.668128773583592
1.6678923070954403
1.6676357769828483
1.6673012991055225
1.6669592415382155
1.666607559923004
1.666200482985614
1.6658584165443049
1.6655875895564136
1.6652872814015494
1.6649331750582115
1.6646544531443843
1.6644159075650553
1.6641498705514972
1.6638136076987695
1.66345815904008
1.6631460012782175
1.662869579969846
1.6626243164475563
1.6623616031759474
1.6620331059114237
1.661774588043158
1.661541997960295
1.661280488792838
1.6610004937681937
1.6607526182045145
1.6605049913998196
1.6602970367211651
1.6601083711260405
1.6599123004166512
1.6596966187675941
1.6594831646575094
1.659269209837785
1.659069096658283
1.6588893895764436
1.6587252734258622
1.6585313182531627
1.6583162293648737
1.6581328780022446
1.6579520417704066
1.6577659469525123
1.6575761765469281
1.657405075786932
1.6572872226662763
1.65717402760759
1.6570451113282139
1.6569024474967293
1.6567497252797854
1.6566000291435372
1.6564421933907925
1.6562567946144333
1.6560852746736072
1.6559341080656358
1.655793293540351
1.6556702427471715
1.6554907685238174
1.655319383950929
1.6551765161103644
1.6550161947647233
1.6548572660908816
1.6547320693186498
1.654631685026505
1.6545061376483219
1.6543619995908008
1.6542053511184909
1.6540710617072742
1.6539537371924122
1.6538218971355083
1.6537210357265402
1.6535684578153504
1.653418649636639
1.653288145475888
1.653155991612548
1.653026503889207
1.6529067210002133
1.6528200873947565
1.6527304116924983
1.6526120584139317
1.652491210936117
1.6523660967908014
1.652216998712131
1.6520532669649266
1.6517838118467065
1.651410814486384
1.6503769478756483
1.6481908756895192
1.643642806607481
1.637207765418341
1.6298517171943119
1.623208556891879
1.617226783577708
1.6118583952897307
1.6072460005375662
1.6029710436680746
1.5994471027290482
1.596137875609268
1.5930468543588407
1.5902288587648599
1.587664492499952
1.5849891918181553
1.582361727670749
1.5799224008498232
1.5776072410852022
1.5756395026018513
1.5738263790135318
1.571936504473297
1.570090185065106
1.5683308364004387
1.5668271556313396
1.5654853441236034
1.5640922679497582
1.5625696269998386
1.5614166038127175
1.5601783449790496
1.55893486608419
1.5575992918799701
1.556491306397499
1.55550656338076
1.5545961073523114
1.5537500355478975
1.5529638826320762
1.5521019176056479
1.551268560289737
1.550439374288653
1.549619925614297
1.5489043438865453
1.548099749949848
1.5474152840567559
1.546722859330041
1.5461341160732356
1.5454542780787297
1.5448207506920444
1.5442791978957249
1.5436021300119493
1.542942768208324
1.5423211578899723
1.541717542971927
1.5412235373030598
1.5407022522178813
1.5402926259847884
1.5398445837779284
1.5393036515160408
1.5388266130854324
1.5382398859721598
1.537752141116067
1.5372982973396423
1.5368369337153647
1.5364367238272203
1.536084084474753
1.5356589667111622
1.535263796323039
1.5348597558443553
1.5345380870617156
1.5342426103701488
1.5339049795801392
1.533678971636909
1.5334438363904344
1.5331415121193717
1.5327824991918484
1.5324078807634893
1.5321176644365573
1.5318235270888922
1.5315146098007517
1.5312459075137097
1.5310017198001118
1.5307470739812548
1.5305204795921206
1.530265419619573
1.529970627085408
1.5296270282338984
1.5292626760058219
1.5289700615163428
1.5286796009552477
1.5284777047380032
1.528278059174083
1.5280531238699926
1.5278261586053234
1.5275318390883423
1.527286797534368
1.5270845355796752
1.52687822581896
1.5265803950402177
1.5257561029717064
1.5017351703966888
1.4996333327437386
1.498480986063437
1.497513286394716
1.4967306653181456
1.4960350003131238
1.4954790759910017
1.4949323753161978
1.4944129168065408
1.4939379748240207
1.493459897078164
1.4930617388992116
1.4927235306893927
1.4924886177262233
1.4921799164928946
1.491939223615097
1.4917170259084591
1.4914648957106773
1.4912330669797005
1.4910424908491369
1.490819545735342
1.4905806886339492
1.490347013293829
1.4901193535831976
1.4898815072255747
1.489684143915106
1.4895158864743028
1.489379648886048
1.4892298873281793
1.489079108863303
1.4888962059659672
1.488724311974901
1.4885203182335416
1.4883162936678098
1.4881148874544667
1.4879621574231832
1.4878233886109382
1.4876868395240037
1.487521909256519
1.4873042315237581
1.4870878369579417
1.4868656524417394
1.4865936258868224
1.4863055219374794
1.4859864405787273
1.4857578839706045
1.485546413650467
1.4853711462999017
1.4851954403138057
1.4850241847327972
1.484822665777011
1.4846367822970592
1.4844727267713524
1.4843088757071246
1.4841741246431315
1.4839771768842114
1.4837440601164662
1.4835393249595177
1.4833730165098995
1.4831983714298782
1.4829565599982688
1.482625203859439
1.4823221629544854
1.4820774643405117
1.4817308937530194
1.4814404469923714
1.4811899199284544
1.4808056237534073
1.4803915764213516
1.4800572079468406
1.4797384912411429
1.4793714982449062
1.4790515612315354
1.478765623626975
1.4784530229857618
1.47810882115517
1.477780213062764
1.4774809988358608
1.4772306091645275
1.4769428038937424
1.4766699881742527
1.4764464921088092
1.476183517749836
1.4759501633840924
1.475678871803771
1.4754434522211821
1.4752359458812927
1.4750297931926477
1.4748129737855018
1.4745469120530654
1.4743152581418344
1.474137367976356
1.4739687519576572
1.4737864616752017
1.4736186148695058
1.4734354495046738
1.473200225859042
1.4729895366644212
1.4727721102405797
1.4725564470848556
1.4723355493994217
1.4721280726658807
1.471946243797063
1.4717883501775124
1.471634076811189
1.4714798299733958
1.4713216785299241
1.4711142733955236
1.4709098927967845
1.4707037754415984
1.4705130757031233
1.4703275468832242
1.4701813633400043
1.47000854850081
1.469871302358348
1.4696928761224548
1.4695191255759925
1.4693646966639857
1.4692260187071589
1.469094227488435
1.4689580708569743
1.4687869524509263
1.4685947974735059
1.468427991201756
1.4682696955724237
1.4681420728660155
1.4679991114479116
1.467866722525486
1.467713989060489
1.4675930684697938
1.4674642983788355
1.4673419502717011
1.4672322585619937
1.4671368803518638
1.467052840639886
1.466987321978522
1.4669018301273937
1.466830630687521
1.466767167038425
1.4667119392857022
1.4666577488298669
1.4666318213680185
1.4665915197914425
1.4665411174349252
1.4665008367808166
1.466449972537622
1.466357534339603
1.4662740262545684
1.4661973169844391
1.466115021575314
1.46605773466562
1.4659953134878947
1.465930978971494
1.4658746910323412
1.4658077421583198
1.4657133412250187
1.4656003428043838
1.4654595357287448
1.4653593611492075
1.4652732311681362
1.465188361691562
1.465115180003398
1.4650701135177127
1.4650325382101408
1.4650083244411978
1.4649835863893381
1.4649460164958306
1.4649141599616151
1.4648804841492633
1.4648375465320382
1.4648034505065346
1.4647670709854272
1.4647217888916815
1.4646836162693166
1.4646543438781299
1.4646108507909232
1.4645567224825933
1.4645137066798755
1.464460930737975
1.464412199349918
1.4643536182070835
1.4643031711997052
1.464266566414214
1.4642346032004787
1.4642132303323088
1.464185682451969
1.4641659986058753
1.4641422689390153
1.4641202136310858
1.4640906940236393
1.464072904206496
1.4640540260694404
1.464029323880562
1.46398895290196
1.463954505731529
1.463931500844509
1.4639100079938918
1.4638963408434917
1.463889198247769
1.4638834149912827
1.4638767430849369
1.463874336966524
1.4638729138587037
1.4638720921138182
1.4638693264409464
1.4638651886429919
1.4638594507486464
1.46384852829761
1.4638478119328322
1.463846767382014
1.4638429853299355
1.4638419430531127
