82.06875731072851
79.9241181066183
79.93527453264484
83.32666949702002
85.25287659309254
82.00565367183951
87.4382926943373
86.56390107865877
91.12657667880278
84.10259823920377
89.0665076014657
84.74018707052255
91.49708720210523
85.629460797685
87.0454336820157
83.07050880003234
91.33172176658054
83.72267300771539
88.04066947135598
80.70865354206256
89.9204928331793
85.14007428356659
79.80035637155491
86.53565302581657
84.11916976663315
86.96395030927954
87.02291816604766
85.74358492313924
83.11405556289529
81.18058287166588
