82.85758165708843
83.80266795479739
80.57138932160935
84.25349025391792
89.09883335290415
83.80650895585396
81.19100100737049
81.93444222851713
85.78872407375955
77.0494845724977
84.09109290441064
84.3103365232627
85.93333119591948
84.42409176229695
84.34725832665615
89.87521349957575
81.94232830093166
85.78872407375955
77.0494845724977
84.09109290441064
84.3103365232627
85.93333119591948
84.42409176229695
84.34725832665615
89.87521349957575
81.94232830093166
85.78872407375955
77.0494845724977
84.09109290441064
84.3103365232627
