86.56953422692891
92.23354848619621
88.09112009198822
85.47477359509746
84.44975961579502
89.91697373369531
83.07498182516736
81.85523900369503
80.97503140841651
83.23439786761533
79.68142609149346
87.75461746067221
86.09671463678598
86.17425225004727
79.67069845108927
88.27716352598765
83.24894910710108
87.95320975631198
84.28112139022178
80.60767976309825
86.0932092705275
92.39762356574501
81.93460732154412
82.10519131044117
89.20599029196958
83.30028358727057
86.26650866434267
84.11142273306471
90.25242179955295
86.26596511815815
