86.29491030199337
86.53733217941614
85.57710097621982
85.67041489982213
83.04349509774018
88.4476499957142
84.91903118440949
84.37285390235803
87.56075982115811
87.02291816604766
85.74358492313924
88.55751860571543
85.90287361245089
81.93444222851713
85.78872407375955
77.0494845724977
84.09109290441064
82.78864061033961
89.84839389822362
87.42136625715688
91.45193334467292
85.66973055440981
83.53833041707028
88.83033537839484
83.29950680700868
83.90327854010611
79.7061592170865
82.2214593963889
85.01899384468581
85.6694993642145
