85.66849305186787
80.82838270655023
83.96832822206457
86.44192650440307
81.16862555093732
79.46356165953058
87.48637711711667
88.21877433298793
84.12213768634042
81.27403586901231
84.51146304685125
82.69061809075798
88.11185964702712
83.62493862714089
90.70918861895888
83.373156118843
86.05988248064531
84.38905357478903
82.29052443747473
83.98923297467805
81.02979029016231
82.30564040784833
81.17461177976736
81.8620901367589
88.97196477260323
83.09830847755954
88.75215522404415
80.2080552842329
80.54892074000877
81.34762137175039
