12.9248554609428
11.819358421517137
11.278915707860039
11.278577425589084
11.278577425589084
11.278577425589084
11.278577425589084
11.278577425589084
11.278577425589084
11.278577425589084
11.278577425589084
11.278577425589084
11.278577425589084
11.278577425589084
11.278577425589084
11.278577425589084
11.278577425589084
11.278577425589084
11.278577425589084
11.278577425589084
11.278577425589084
11.278577425589084
11.278577425589084
11.278577425589084
11.278577425589084
11.278577425589084
11.278577425589084
11.278577425589084
11.278577425589084
11.278577425589084
