14.036306300920504
11.278577425589084
11.278577425589084
11.278577425589084
11.278577425589084
11.278577425589084
11.278577425589084
11.278577425589084
11.278577425589084
11.278577425589084
11.278577425589084
11.278577425589084
11.278577425589084
11.278577425589084
11.278577425589084
11.278577425589084
11.278577425589084
11.278577425589084
11.278577425589084
11.278577425589084
11.278577425589084
11.278577425589084
11.278577425589084
11.278577425589084
11.278577425589084
11.278577425589084
11.278577425589084
11.278577425589084
11.278577425589084
11.278577425589084
