12.913462554778992
11.8817462734825
11.278915707860039
11.278577425589084
11.278577425589084
11.278577425589084
11.278577425589084
11.278577425589084
11.278577425589084
11.278577425589084
11.278577425589084
11.278577425589084
11.278577425589084
11.278577425589084
11.278577425589084
11.278577425589084
11.278577425589084
11.278577425589084
11.278577425589084
11.278577425589084
11.278577425589084
11.278577425589084
11.278577425589084
11.278577425589084
11.278577425589084
11.278577425589084
11.278577425589084
11.278577425589084
11.278577425589084
11.278577425589084
