14.290610861252313
11.318365454688276
11.278577425589084
11.278577425589084
11.278577425589084
11.278577425589084
11.278577425589084
11.278577425589084
11.278577425589084
11.278577425589084
11.278577425589084
11.278577425589084
11.278577425589084
11.278577425589084
11.278577425589084
11.278577425589084
11.278577425589084
11.278577425589084
11.278577425589084
11.278577425589084
11.278577425589084
11.278577425589084
11.278577425589084
11.278577425589084
11.278577425589084
11.278577425589084
11.278577425589084
11.278577425589084
11.278577425589084
11.278577425589084
