11.842429798751967
11.278915707860039
11.278577425589084
11.278577425589084
11.278577425589084
11.278577425589084
11.278577425589084
11.278577425589084
11.278577425589084
11.278577425589084
11.278577425589084
11.278577425589084
11.278577425589084
11.278577425589084
11.278577425589084
11.278577425589084
11.278577425589084
11.278577425589084
11.278577425589084
11.278577425589084
11.278577425589084
11.278577425589084
11.278577425589084
11.278577425589084
11.278577425589084
11.278577425589084
11.278577425589084
11.278577425589084
11.278577425589084
11.278577425589084
