18.574926332322498
11.983714917339478
10.83072285951081
10.4306056249222
10.254436839098204
10.17780361974627
10.140158988480723
10.119103554036588
10.104070424896383
10.092188305293513
10.082588054926187
10.073587846440361
10.064804531224464
10.05631854827553
10.048477965853287
10.040278186066919
10.03271050542351
10.025104188002564
10.018011656191138
10.010347269605457
10.003350358811076
9.99625435115921
9.98900510961976
9.98236704266357
9.976083348793901
9.969640193074971
9.963929145269402
9.958637140149415
9.953274525070562
9.948033224638936
9.943940662590354
9.940324158834587
9.936934990623904
9.933528195321344
9.930414313052774
9.926729643287182
9.923655802699976
9.920631560410037
9.917832515299054
9.914620948873651
9.91204432507018
9.909371748825317
9.906832374080935
9.904493233130076
9.902234065340222
9.900078707388229
9.898180877227407
9.895988791140612
9.893864470251605
9.891341966290629
9.88891862518079
9.886679806547361
9.884816837157368
9.88292709875104
9.881034897661898
9.878903274267739
9.875365088087468
9.8701621763517
9.867604578778733
9.86583468321784
9.864216744215542
9.862856155023707
9.861755300496805
9.860672155369077
9.859717367109832
9.858840413178383
9.857901977037503
9.85712132378525
9.856352880582385
9.855644798759954
9.855155143226986
9.854620929526604
9.854157195315747
9.853660730719472
9.853044149986633
9.852526055959869
9.85223079321466
9.85204162935982
9.851929627691021
9.851840596279379
9.851736965999056
9.851614224907157
9.851499024283548
9.851433998081399
9.851361880050272
9.85126704397633
9.851197928037466
9.851152947397523
9.851095379837076
9.851026983121473
9.850972010533606
9.850925186805451
9.850900292390882
9.850863743140101
9.85081386247299
9.85075473554866
9.8507282370579
9.850701549210019
9.850665817769967
9.85061328610349
9.850569030139741
9.850533393083955
9.850498402286364
9.850485093310809
9.8504653479457
9.850445636562933
9.850431630446879
9.850418838646181
9.850414730428323
15.112513892320921
11.419922227229433
10.783414248584588
10.24083651864579
10.056296506604497
9.987304010924891
9.95512642266179
9.938101106178234
9.929187491538451
9.92406281442974
9.921567702432947
9.919718344629658
9.91854192016226
9.917895174064508
9.917412844092777
9.917135302338087
9.916939777700048
9.916763255106492
9.916598695448378
9.916495303751818
9.916384239607034
9.916331274184342
9.916289055333777
9.916269928072843
9.916239722731095
9.916215006435221
9.91619571348839
9.91619271137666
9.916184424169519
9.916169073117096
9.916156040513876
9.916144375900812
9.916112419957896
9.916069875320419
9.916022720546607
9.915995164939003
9.915983899772552
9.915943960028413
9.915922420114839
9.915901885707468
9.915876057380073
9.915826983327543
9.915773450300767
9.915725814606523
9.915680570762435
9.915627765842963
9.91558258404737
9.915577021115672
9.915562871878445
9.915536181034327
9.915510419713922
9.915474628575428
9.915447365792
9.915429471684066
9.915387506447603
9.915337718879472
9.9152902566068
9.915259017957416
9.91521497957783
9.91519320290816
9.915175013964387
9.915145257523244
9.915098702719959
9.915073715283826
9.915051889373586
9.91503424203625
9.915012250964384
9.914990433544705
9.91497057555176
9.914963506672322
9.914959987846856
