15.403844804798494
10.785775890418448
10.275646589460314
10.1013871778105
10.027339693509347
9.98993055756224
9.969230668277527
9.957324331707712
9.94918029781266
9.943477727067078
9.938965729869455
9.935041577561547
9.931950555141345
9.928546194449547
9.925102064548266
9.92197710357204
9.91895952392312
9.915613827772962
9.91288074255843
9.91022136230827
9.907651338532505
9.905255833055909
9.902807155048775
9.90065004023415
9.898660504736759
9.896616410150695
9.894551121778978
9.892117032151113
9.889816094640237
9.887525462931084
9.885533129779674
9.883696974715987
9.88171013313734
9.879678865376595
9.876813871077038
9.871217823335154
9.86853569992619
9.866583701225096
9.864816432902135
9.863416826815785
9.86219614026549
9.861067527696513
9.860123069898133
9.859113651054072
9.858242716116587
9.857386659113478
9.856518897037907
9.855764163516326
9.855210123591712
9.854674246542194
9.854214434498251
9.853731075355464
9.853191537587119
9.852659261346231
9.852267153610253
9.852071933328768
9.851947052223586
9.851860204777841
9.851752090587958
9.851622273807406
9.851499024283548
9.851433998081399
9.851361880050272
9.85126704397633
9.851197928037466
9.851152947397523
9.851095379837076
9.851026983121473
9.850972010533606
9.850925186805451
9.850900292390882
9.850863743140101
9.85081386247299
9.85075473554866
9.8507282370579
9.850701549210019
9.850665817769967
9.85061328610349
9.850569030139741
9.850533393083955
9.850498402286364
9.850485093310809
9.8504653479457
9.850445636562933
9.850431630446879
9.850418838646181
9.850414730428323
13.035302341226204
10.948001221695977
10.610783556344668
10.418711387337815
10.25659372965216
10.149010976170112
10.099873237845975
10.06519744925183
10.031350523278387
9.985143471519853
9.942440327020908
9.90837338906472
9.899894003501736
9.896610263557177
9.894645564005616
9.89301122067984
9.891791581573504
9.890643031498382
9.889350979815884
9.888238032536277
9.887258633944269
9.88631143896831
9.885304359541038
9.884394080060831
9.88367772312543
9.883124692641909
9.882541099475986
9.881982838213595
9.881372201480437
9.880879797740878
9.880567001701007
9.880244163585287
9.879881507015838
9.879406220617929
9.87902951308091
9.878645599280176
9.878185935157278
9.87788361465494
9.877603108056531
9.877398144978601
9.87720900849113
9.876959664791364
9.876639544194715
9.876323713396726
9.87615085835214
9.87596651923385
9.875795416829558
9.875635766024478
9.875491937489548
9.875370879665375
9.875241907003709
9.875128941090683
9.875048002432557
9.874940580314643
9.874804905773058
9.874684685556579
9.874614909044798
9.874540510892587
9.874443839570379
9.874389547112282
9.87433922551617
9.874321647856304
9.874303277768215
9.874270418563643
9.874258911992076
9.874249764893452
9.874235434522502
9.874230074012655
9.87422697044813
9.874212354250162
9.874207954123227
9.874195458642095
9.874174396169696
9.874153031144488
9.874117294074072
9.874115384656783
