14.172225711799788
10.786819324183478
10.228312422868603
10.070279297978594
10.007976974482272
9.97673795180118
9.959284347767237
9.948935916920876
9.941375190914991
9.936056625314874
9.932025604335418
9.928133919803662
9.92413138083028
9.92091179934561
9.917750676075533
9.914574874633256
9.91166815041751
9.909091249477203
9.906542874658651
9.904067543744263
9.90167113169131
9.89946052746263
9.897593011280678
9.895513299272588
9.893278465629194
9.890930178580792
9.888673015459846
9.886497629249032
9.884612185711338
9.882752383951736
9.880803388866813
9.878507534269513
9.87272152527175
9.869403590316354
9.867504603150767
9.865778330328556
9.864151125365659
9.862882171290458
9.861755300496805
9.860672155369077
9.859717367109832
9.858840413178383
9.857901977037503
9.85712132378525
9.856352880582385
9.855644798759954
9.855155143226986
9.854620929526604
9.854157195315747
9.853660730719472
9.853044149986633
9.852526055959869
9.85223079321466
9.85204162935982
9.851929627691021
9.851840596279379
9.851736965999056
9.851614224907157
9.851499024283548
9.851433998081399
9.851361880050272
9.85126704397633
9.851197928037466
9.851152947397523
9.851095379837076
9.851026983121473
9.850972010533606
9.850925186805451
9.850900292390882
9.850863743140101
9.85081386247299
9.85075473554866
9.8507282370579
9.850701549210019
9.850665817769967
9.85061328610349
9.850569030139741
9.850533393083955
9.850498402286364
9.850485093310809
9.8504653479457
9.850445636562933
9.850431630446879
9.850418838646181
9.850414730428323
