19.05644497316445
12.455618459385088
11.002797796207819
10.548790382836055
10.248288972884096
10.060416893456951
9.987378550637144
9.961205822663757
9.949042268253324
9.941434589787184
9.936221623881892
9.931565243103021
9.927724176832943
9.924049444235873
9.921061960766343
9.918533006461965
9.916246912199785
9.914365311171322
9.912646055572422
9.911195613526827
9.909805046687964
9.908715411495098
9.907488660128829
9.906300858066484
9.905215713675323
9.904261515102325
9.903469256255965
9.902768261516016
9.902177120928712
9.9015707123371
9.901032969188782
9.90052514142371
9.900168829111514
9.899812893638149
9.899539651357104
9.899262202872517
9.89899288811203
9.898747023316389
9.89853127078142
9.898323610238641
9.898158988547051
9.898044045644017
9.89792559787496
9.897829378333588
9.897701397076215
9.897552563082769
9.897395234129021
9.897278322664787
9.897173765597582
9.897139286005629
9.897084376675428
9.89703264853243
9.896999847502595
9.896979105437966
9.896955774235272
