17.91392314178514
10.58149383350791
10.001227791149493
9.944727139486316
9.932257400635025
9.926683492878528
9.923441179954622
9.921295594357998
9.920015573841559
9.919041493048143
9.918381767597497
9.917947652772762
9.917513892261107
9.917235354453354
9.917050410023036
9.916947440912226
9.916822049606367
9.916738389815325
9.916669912366011
9.91657292379271
9.916526958421441
9.916453169575409
9.916410830804468
9.916374761375183
9.916339915708178
9.916327871855792
9.916289042140761
9.916265708907387
9.91624167986535
9.91623074548881
9.916200161178756
9.916192430653027
9.91617545445197
9.916170775024447
9.916167555039255
