337.3487951140789
290.17142485603927
273.81358962577343
265.5113129916838
260.12157398539046
256.79318943299546
254.33722480099576
252.5014795709153
250.9380342179096
249.7776911948437
248.67188900973917
247.93736661398736
247.32789199677657
246.6986430414065
246.03472498783182
245.45110680696345
244.8123542023986
244.22151677247774
243.7957510143111
243.33912880927775
242.85828340160413
242.4429923223932
242.11463668957322
241.8685486480662
241.5492896997188
241.27689123600803
240.94646072592863
240.69641657248647
240.51058057146238
240.40449119960977
240.30970355555547
240.2229822191931
240.1279232327982
240.06130345618823
239.9833078882114
239.9032388515339
239.84765862609862
239.80489925791952
239.77187586383604
239.73343085840654
239.7041936416573
239.6788755128582
239.6562436793196
239.63064184749805
239.61058191280983
239.5962029721964
239.58423036495964
239.57503884333434
239.5661117967433
239.55160137988537
239.53504623302138
239.52398352467284
239.51540449269962
239.51159723188627
239.50607807390182
239.50248385452167
239.4995869659014
239.49611165860966
239.49104019433273
239.4875552824712
239.48446107900537
239.48271235436516
239.48020930140638
239.47882979298242
239.47782350696653
239.47731566744704
239.4765042175961
239.4751123925672
239.4739361452494
239.4725079047456
239.4714922638498
239.4705476519063
239.4692918034595
239.46771012327778
239.46562391344546
239.4632372220884
239.460898547961
239.45902334443844
239.45530719650435
239.45206309868502
239.44789692047954
239.44364527832056
239.4393286649425
239.43269143509465
239.42854203466598
239.4270827907159
239.4238819676936
239.42022401049917
239.4186722471314
239.41742433400896
239.4164545316685
239.41464224330932
239.41265415395418
239.40855855413776
239.40688746349682
239.40539113400067
239.4050308365582
239.40475671666218
239.40446152126916
239.40433258598753
239.40408329064388
239.4037602721635
239.40348179160165
239.40325697918422
239.4026436970729
239.40040940386123
239.39867462663892
239.3965809435421
239.39438554813583
239.39314982423184
239.39188377944018
239.39032592740605
239.38975509808344
239.3891619194576
239.388442275592
239.3875839566966
239.3866042400278
239.38556711067667
239.38440726454058
239.3834514320759
239.38274926200867
239.38164168583677
239.38053822174504
239.3800904924081
239.37997176109613
239.37978992418388
239.37961807844113
239.37950179335394
239.3794154774553
239.37935889244528
239.37926364313702
239.37913908439222
239.37888284430554
239.37870053858967
239.3785017268245
239.37835063322237
239.3780915225423
239.3778287188739
239.3777287642842
239.37766198554212
239.37762094290446
239.37761140861662
239.37757322533014
239.3775331751937
239.37749492041846
239.37747909952282
239.37747113065657
