343.567264212087
299.8044153892175
283.8587633513234
275.6174408432317
270.4032622824453
266.6101833591084
263.80580871969323
261.38636519503206
259.61053544474476
258.171790770772
256.70100165982427
255.43740567414582
254.38522303872028
253.44921353179268
252.58631089862394
251.87484871123513
251.166623554711
250.3936003656582
249.72494832016235
249.07178560963615
248.55329164925487
248.02703624799494
247.54366640786208
247.1456450705187
246.74131932928435
246.38080939597194
245.99465469181524
245.62569210213198
245.39593108313954
245.17700908248185
244.96428060469805
244.77831717278582
244.58157399453478
244.39397695114536
244.22443664615545
244.0884229874979
243.9602835061471
243.846871767313
243.74970709591386
243.6484157166296
243.54166250468458
243.4470827320854
243.35942107455222
243.2979450046447
243.25293960900802
243.20082355171863
243.14847119570794
243.09911374629715
243.0547605344038
243.01230059979125
242.96337740158097
242.89874158431115
242.84030008938316
242.76095411655456
242.6946544689097
242.58417075002635
242.44234828624803
242.31307270050416
242.1973861299811
242.08658995963938
241.987008481871
241.8840173242009
241.8133013852987
241.75417892895342
241.69472572298525
241.64882290839182
241.6108584555881
241.5730234867261
241.54995163727088
241.53710703048324
241.5221907163518
241.50629114858367
241.49274980334897
241.48494413436634
241.47607777074458
241.46387660159357
241.4501861597987
241.432315745303
241.41817733916065
241.40726629577767
241.3925870736983
241.37184487420225
241.35167767038783
241.33597144578013
241.31549517249712
241.29570545107362
241.27445963952843
241.24686223652034
241.22261318870054
241.19195809808525
241.1706157160731
241.152902852975
241.13671535727076
241.12494402526477
241.11292707617991
241.10158562145332
241.08911874061835
241.07929063392214
241.0708123653758
241.0615275515934
241.0535683442928
241.04745286908303
241.0420621698535
241.0369263221466
241.03071924681382
241.0265157982108
241.02264014281405
241.01854708603005
241.0153594654276
241.01173469532648
241.00685957727566
241.0031529690465
240.99909225626237
240.9902896474528
240.96951727130093
240.93100411524614
240.851100290876
240.78543089539903
240.71559325138838
240.6318768242707
240.5635095385163
240.52545410246154
240.50189486003737
240.48903763480084
240.4734834530796
240.46061453285904
240.4512795794024
240.40509253265176
240.33537553316333
240.2975635770573
240.28351223927922
240.27152018747708
240.25860078626013
240.24519763682156
240.22685455250638
240.20538971390602
240.19272014346535
240.18393055982764
240.17875192154048
240.17238552952273
240.15901070112963
240.1453305234096
240.13631398593506
240.12762577336693
240.11711614333547
240.10633368713317
240.0885700805064
240.06217238704605
240.02742101515386
239.9916322524507
239.9588330539227
239.93130321515585
239.9123675856982
239.89909697656051
239.8863020491876
239.86892211740462
239.8356370078258
239.79473383402865
239.75838697329579
239.72912719494735
239.70789663520455
239.6830263575523
239.65428404487656
239.62657243838362
239.59501945066393
239.55786447683718
239.5125839598932
239.48070309742914
239.4587115909978
239.43138634879938
239.41676281120897
239.40111221761214
239.38421667918806
239.36788676196593
239.34900881792288
239.31586790908196
239.28525229622767
239.26126907661148
239.24196211222096
239.2210528514925
239.20234990948722
239.18084998224137
239.1606998285035
239.1485629067741
239.13646593050515
239.12405900405528
239.10990747176672
239.09629619083572
239.08519750131856
239.0691393708567
239.05287200405138
239.03529280064055
239.01920438112816
239.00141624219924
238.98641082197847
238.97438695976828
238.9546495271482
238.93454086762242
238.91753585505344
238.90303356819925
238.8883078873307
238.87303918203688
238.85790853600906
238.84460358168764
238.83572203960557
238.82907002091156
238.8244336268509
238.8212444788783
238.81858282568572
238.81573376374996
238.81176613356783
238.80978465374963
238.80750866788082
238.8061859861235
238.80509360847182
238.8039849652626
238.80354722603678
238.80287468112112
238.8027688119135
