346.6562717784119
300.06851210392034
279.9547310096175
269.7931805816833
263.2738951110624
258.83418936984805
255.97037766191363
253.69729170805502
252.04796577900274
250.49301495269157
249.27145328376213
248.26140366481283
247.350369816109
246.59452576896103
245.83570961232863
245.2625885385728
244.81529072358626
244.43962981155968
244.07719714336767
243.76331368092494
243.46742914588052
243.28533409436102
243.1253522407087
242.92552210461932
242.73442882444093
242.56359368493682
242.37423446055757
242.2225142173497
242.10602971028868
241.9894553899976
241.89334530489396
241.77026579398662
241.65342235882716
241.55334178055
241.45139386630493
241.34267178237192
241.22890152382485
241.1365505065307
241.04922353979438
240.96805763558424
240.8599358324553
240.74186792672904
240.63739067681377
240.54192665018948
240.43652758987955
240.36003051362695
240.29668332642203
240.2550970409627
240.21604712561464
240.19193109816882
240.17740483591345
240.1679697821727
240.14178469044634
240.12951400472235
240.11972220337114
240.10707442444587
240.088473750983
240.07351467464116
240.05953994927287
240.0404518560869
239.99098789409754
239.9416177440556
239.89035604007486
239.85605797007594
239.83372999629978
239.80374914193303
239.79075386651283
239.7780117960162
239.77342590558987
239.7712970089763
239.7695827420031
239.76787895855335
239.7665030595196
239.76495204658008
239.76386418385923
239.7630463239762
239.76197710850494
239.76137432453788
239.7610948247373
239.7607893571002
239.76061922519614
239.760509524153
239.7604817712498
239.76040346664843
239.76038398029723
239.76037275526053
239.76033829706196
239.7603115105598
239.76027952238098
239.76026680853863
