336.85462705573957
297.5658140475947
281.18669526463515
273.394689093864
268.03383374438107
264.05043824404925
261.3949666398325
259.48333834251605
257.8501253065493
256.4043496068197
254.943625098389
253.9432561779409
253.1238787042714
252.42668816098583
251.7174919110103
251.07999337225775
250.42014987352937
249.71627537556876
249.0466144489143
248.33703096059247
247.68680982358202
247.06392726991575
246.5099906498536
245.92662962110666
245.35714194583193
244.94135666651655
244.6509581873656
244.445220877888
244.26086472702508
244.10295356590353
243.98865002441764
243.8932198162613
243.8063612689175
243.72899260681672
243.6630569095839
243.59360604393987
243.51934104391623
243.45144549796885
243.3544815230676
243.26887985135286
243.19024618504454
243.12368086692618
243.0568861036554
243.0259701433045
243.00683116683567
242.99450364247647
242.9833827302121
242.9740081205491
242.96542362493432
242.95529587657626
242.94988564683274
242.94369126711234
242.9364718771278
242.92445733855598
242.9109224042577
242.88924956460193
242.84304121608366
242.78251009082538
242.71977177404946
242.6598076962442
242.61777754562274
242.55253493192285
242.4610273441411
242.35798575334016
242.25171009438404
242.1544510979571
242.071662337201
242.00062860414357
241.95808514996438
241.89256689213087
241.83608859928236
241.79533659774253
241.76305841487056
241.73608347873125
241.70550620080968
241.67671605403734
241.65001187769442
241.627960730555
241.61053757080344
241.58754700523443
241.5637123694537
241.54101805021696
241.51930604695775
241.50018995340005
241.47425746747865
241.44478564538818
241.39684820306192
241.3694447901676
241.34242952979193
241.3252886069353
241.30876739111366
241.2878670918905
241.25563244965696
241.21685019356735
241.16018128008255
241.11619314148558
241.08019629994365
241.04929783890427
241.02394185912414
241.0009883052979
240.9827192757669
240.96632944292483
240.95820310945527
240.9456744856628
240.93421646634653
240.92722324469455
240.91978118246115
240.9133276281156
240.9064153445359
240.90074776227945
240.8952938039036
240.8884780462112
240.87984190466227
240.8736368193313
240.86744023773718
240.86073425319876
240.8517759496311
240.84302914101383
240.83423731074345
240.82849146260432
240.82006703041756
240.81340144826947
240.80679400755426
240.79979437153116
240.79273534488772
240.78589402144422
240.77977031560388
240.77588643784458
240.77220664908756
240.76676186590274
240.75996342248803
240.75167052700354
240.74163407812608
240.73163033711955
240.7238165116518
240.71624656782416
240.70818064588144
240.70222423287385
240.69522343190883
240.6902309366247
240.685604243535
240.68066815141196
240.67490526265644
240.66933511717707
240.6640423946331
240.65745214115287
240.64971246479874
240.64332771696243
240.63668007707042
240.63041867808863
240.62230206324827
240.61780992722285
240.6154639773549
240.61220298925969
240.60800671591326
240.60425202393708
240.60013418632286
240.59621649260754
240.59170436129315
240.58737796555218
240.58280197356737
240.57588966756816
240.56845694966617
240.5624968241924
240.55815553702647
240.55615854127157
240.55477955107554
240.55308351530797
240.55050304375118
240.54767852161433
240.5449730708656
240.54193276580298
240.5378283529365
240.53022749337717
240.518942810382
240.51177095549042
240.5059681698559
240.50099794362558
240.496180092193
240.4872837223309
240.47099289360094
240.42942294648734
240.3964696932036
240.35828266611503
240.31848240396195
240.27779397380837
240.25153284871809
240.216786447439
240.19393944047633
240.16905426716426
240.14890022198787
240.12831845599322
240.1155731009326
240.10949618378402
240.10420545357508
240.09555384858479
240.08330565768574
240.07034237083022
240.05009636903506
240.01829827032017
239.98283357226802
239.92433349060687
239.8617769618453
239.81811563550474
239.7924076287926
239.7696606280186
239.75419059988837
239.7426507045997
239.72882153780668
239.71678051815823
239.70992622717267
239.70342790412047
239.69905052755163
239.69539464338527
239.6912837431846
239.6878147457108
239.68545939384563
239.68248762565693
239.6788699808704
239.67187072198695
239.66448976901168
239.65582186028922
239.64507490010723
239.63724857021674
239.6313424418832
239.62446869521486
239.61678819651212
239.61255754266452
239.60657050972813
239.59285610757274
239.58209458318154
239.5639663359526
239.5484621136851
239.5375206349188
239.5314235982336
239.52939058484608
239.52609810269024
239.52270687474376
239.51983521107564
239.5164688433898
239.51213835169986
239.50968512887334
239.5075232287368
239.50516309174137
239.50185178671967
239.49695691548288
239.49178439245443
239.48520935842373
239.47617770458106
239.4664832327855
239.4576727905112
239.44537711242072
239.437024417113
239.4335689583464
239.43161260119714
239.42962797204427
239.4268477321033
239.42622087798125
239.42538378212498
239.42428109352326
239.423187635244
239.4225571390193
239.4208058077416
239.41681010779155
239.4121802007669
239.41053728496308
239.41003069833408
239.40946928513364
239.40917866345004
239.4091488630315
239.408960497597
239.40890529617363
239.4088515196087
239.40883878876892
239.4088245329952
239.40881565326393
239.40880226762778
239.40879775899808
239.40873244785695
239.40872679144164
239.40871930045878
