321.24899150525084
284.315376343931
271.61872057043126
264.5154643094328
259.0967452309708
255.06569655750314
252.39416755755587
250.55308383133507
249.17780317522136
247.84283965134264
246.44916728905793
245.31641657354677
244.57161345820438
244.02412562778892
243.5564811069958
243.14459792252362
242.71441216294392
242.3134143640555
241.94620101454822
241.64692573856453
241.36520332541326
241.06101914831666
240.83606090007902
240.67054513749184
240.48602857359796
240.27271757055996
240.09537092947613
239.97536605688293
239.8389677745329
239.7069342167619
239.59847214557195
239.4834264344152
239.38583924812448
239.31431604630424
239.24750623193927
239.18749948003153
239.13440085074677
239.0862253725668
239.0338154842672
238.97152071109593
238.92676665722888
238.88474780648977
238.83588115174766
238.78435172588806
238.71528481521915
238.6376732061436
238.58134890212128
238.52310637358912
238.4479030041542
238.37707517828576
238.3448334637987
238.32305095260222
238.3085777799512
238.29720436482944
238.28474632946242
238.2667926843211
238.24816949381022
238.23158805893826
238.21484757372664
238.1976555870063
238.178166887975
238.1543417987289
238.13817571840715
238.11606898040543
238.09256248923478
238.06992333358173
238.04068787056462
238.01148096970846
238.00009431589604
237.99451520885114
237.98784494300133
237.97989054761663
237.97124161147156
237.96278683396423
237.9564522100206
237.94988162863544
237.93960112495841
237.92504520972955
237.91602000770757
237.9054055813592
237.89359685943631
237.87500638616373
237.85912198826597
237.83810153052704
237.82021255780148
237.80423546229338
237.78979640382235
237.78055190870498
237.77355702929384
237.7686789322445
237.76169229938426
237.75471670119035
237.74558805357458
237.73932176488287
237.72965271495653
237.7168054326083
237.70838699817233
237.70340768041828
237.70005927657624
237.69524808072907
237.6857911671315
237.67971341202175
237.67806212946977
237.67659935176627
237.67632466400457
237.6760869382527
237.67608306136563
237.6760772905794
237.6760711927209
237.67604750952253
237.67603886350224
237.6760242678065
237.67600071459006
237.6759739351388
237.6759675060472
237.67594999354324
