2.384260906604856
1.730758479061391
1.6205284360415773
1.5100424896559792
1.4626359210170485
1.4355652300577615
1.4086991582235737
1.4107371212954445
1.3752991173897722
1.4084528036706112
1.4124021330758392
1.3843122283888958
1.4025856473301548
1.3879626127131408
1.39009017152926
1.4039604986648349
1.414584024874079
1.424450878958891
1.4474625399425018
1.4713290323975774
1.490010082879494
1.4209415413916267
1.399421656208659
1.38961535549042
1.385525920171001
1.3880297583039685
1.397094709147477
1.4136406701749724
1.423742294430063
1.436176226337398
