1.9408301672499335
1.4145335259106704
1.4040062213472044
1.3879154255355601
1.3867320917583144
1.3918787115816416
1.4068348776982897
1.4200696311991543
1.4602000247812499
1.42231135168237
1.4505672516134027
1.4402866477404137
1.402267522005169
1.405711820657648
1.3944668405904228
1.3901113129638218
1.3922953589745493
1.393964284206954
1.4199384982814731
1.5066165333865367
1.4296248767680173
1.4650012165187214
1.4567532633611269
1.4091930831881485
1.396460614540005
1.402601727280066
1.3960577912792373
1.3965346166738417
1.3942132806677519
1.3961679734405599
