3.3748444904354873
2.085024905503885
1.7755069368840806
1.8304779748538778
1.4529914965942625
1.4029728970617854
1.4163627481630856
1.3877439021076572
1.3904187206310852
1.3794655818526023
1.3813756483814204
1.3927335817873707
1.4118835994179282
1.4208758270545059
1.429511856637793
1.4471985277528523
1.4603069578773826
1.5045914801397435
1.3920213280675193
1.3967478128768478
1.3740487415265434
1.3900630273687156
1.3959183905130588
1.4043074485906648
1.4159870767643672
1.4302867148326988
1.4410123421045375
1.4771236201426268
1.5504527607691367
1.4103736032994545
