2.1540196859457152
1.822131248315639
1.4332538376344746
1.398580742130048
1.4056819666549631
1.407791242574619
1.4217595183314873
1.4160380043295162
1.4265844437791835
1.4207669681347037
1.3984805109660579
1.38761094079384
1.3955142630427604
1.4250473736863158
1.41337318611631
1.4482424116428103
1.4713676961908766
1.4314274929013928
1.3957111110169156
1.4066034749308594
1.3802435636306534
1.3910891794639062
1.3909731356345756
1.4098842237317406
1.415908595727263
1.4276355122408912
1.4367711093539144
1.4953527990070545
1.4697804479501193
1.4084769787242608
