2.1460175181123833
1.5198878777529183
1.4454176011374789
1.4347488480913095
1.4201953557299005
1.4099558793941729
1.4076794340061516
1.4041704064500378
1.3928246825499082
1.3903918161485902
1.3939935687286482
1.4110128214466793
1.4147399048286773
1.437583317668602
1.444336961719576
1.4765003199538893
1.439700736430558
1.3937361452600414
1.3928442965373236
1.3739717989152236
1.382575599484905
1.3923312432113584
1.4158046364838717
1.4162781646862739
1.4317801472797687
1.4448917023889967
1.4749747224822767
1.5280442138480084
1.3993401513213322
1.403462020065949
