12.761593806915206
8.337948536779521
6.772705678554684
6.393612007475004
5.77901773568347
5.368432118751605
5.078529323554559
4.932998756803584
4.852701710366561
4.805263436936676
4.767518735996356
4.733691406937606
4.696310067897599
4.66194064509617
4.632340672819062
4.612927615098773
4.602453986213951
4.596407565985854
4.592266153207679
4.589281116971568
4.586161322666448
4.584509852059958
4.583647567038331
4.583073924401659
4.582723751767383
4.582481638867868
4.582288756952335
4.58213341667416
4.581937515155405
4.58179605857332
4.5817253542203416
4.581666862086908
4.581619422287472
4.581557533526836
4.581548054027161
4.581541924202362
4.581536158365225
4.581528537349747
