47.19223900090128
35.523018631270816
33.720983124622094
31.54736908991219
29.187029556652192
28.40808244405037
28.115259998434496
28.002597863626246
27.894856430104685
27.773422575805675
27.625211105478492
27.440803088983433
27.20948138183249
26.91224599480568
26.524346187113657
26.035666850633955
25.430186025045508
24.65176843481131
23.805955866904643
23.12943734844586
22.748580215113822
22.57974903367451
22.512614119864057
22.487479100625283
22.47822638187654
22.47398893854456
22.47256446106635
22.47196338285304
22.471672153445052
22.471587829218613
22.471586446758717
