16.850797056085174
11.66209519312402
8.516657014748919
7.389770796681001
6.423005718681581
5.490846732073792
5.173317366133303
5.05219967215559
4.946529204954644
4.837540371474805
4.716111504358832
4.6494543698000665
4.612769779231948
4.591302868257851
4.579521650587725
4.572555338442055
4.567547446856551
4.564885634739348
4.563023827291551
4.561796167038908
4.56108070928363
4.560468978632211
4.559725617358799
4.559198859728012
4.558754535727812
4.558371557291923
4.558082598583059
4.55772038618499
4.557323919800607
4.557039732971343
4.556775006134526
4.5565309611461275
4.556339585107917
4.556217554245867
4.556045373217542
4.555863399520643
4.5556317284073335
4.555488777819273
4.5553911124062
4.555305209244115
4.555267966117805
4.555224856208724
4.555097384843143
4.554986987185145
4.554866386695989
4.554723369072507
4.5546540879747
4.554587546054744
4.554519307795201
4.55441210268095
4.554265715638513
4.554052982344157
4.553923458263029
4.553747201191923
4.553552250918009
4.5533361192651505
4.553161748754821
4.55295431215179
4.55276819448375
4.55258771075093
4.552322434297529
4.551958773578078
4.551561234496945
4.550562376948476
4.540516687244812
4.537842106970831
4.536131816976703
4.534681440468162
4.533534011031381
4.5324916482632185
4.5313488875703705
4.53032513475727
4.529493781508123
4.528641823598765
4.527850328512931
4.527002687033184
4.525989671718939
4.525048122054934
4.5243068513385785
4.523699276995084
4.523168588108879
4.522591832379971
4.522069382758525
4.5216540029610925
4.5212479645457195
4.520840284701454
4.520628434568134
4.520407225292088
4.520173781874269
4.520028117862238
4.519868652275529
4.519729916771576
4.519605286162016
4.519495161419754
4.519398256368013
4.51930787767098
4.519200051464611
4.519086166517218
4.518977573564747
4.5188604202804505
4.518771427397709
4.518645565270247
4.518519786683934
4.518356498758396
4.5181995893343005
4.518001425610126
4.517681331873226
4.517313109841283
4.517073018589871
4.516979172560758
4.51692989771523
4.5169119827296145
4.516889947788714
4.516870001814104
4.516859063197638
4.51684225430783
4.516830735035722
