14.725414527627503
9.724827379795439
7.316681666615416
6.649407239392052
6.1092721505193675
5.600287463822483
5.304004372861912
5.142048752088777
5.043191900759401
4.967797194954344
4.931833873786315
4.909692013324736
4.892540323382493
4.885259967181118
4.879536065786094
4.876615916132928
4.874463769062058
4.873017350242404
4.871652598317892
4.870375728207945
4.869343261686253
4.868326504922801
4.867462802268925
4.866574998299303
4.865860720226813
4.865181796533712
4.864730381970419
4.86435380834596
4.864036190798326
4.863740768828043
4.863382881219206
4.863109947798936
4.862858047908046
4.86263224431146
4.86250063035562
4.86238071043488
4.862278444818911
4.86218652845535
4.862085136063894
4.861962973476184
4.861845496783958
4.861760994238774
4.86168491085923
4.861599566485581
4.861541048705047
4.861478031773854
4.86142327540715
4.86136675408223
4.861297144113262
4.861238201587733
4.861186400388534
4.861138176844157
4.861099790787399
4.861048748808723
4.860962701762972
4.860850446989449
4.860732982650211
4.86055879762894
4.86043775172706
4.8603667147119864
4.860282651766891
4.860138357378524
4.8599651729207185
4.859772887293237
4.859590103934094
4.859343477644434
4.859026168528203
4.858667590815799
4.85826253676139
4.8578377216631905
4.85733258566827
4.856704886079157
4.855874159338207
4.854791585078026
4.853475805367587
4.851953973019079
4.850463629015886
4.84943349546977
4.848487693900441
4.847512922470235
4.846596233115259
4.845743647905248
4.844944351751835
4.844184380657179
4.843397999213625
4.842279539891658
4.840657646600905
4.83793877874958
4.833135471535865
4.829291903855285
4.825666888678296
4.820971803174935
4.818452807535586
4.817398424763876
4.816569536084896
4.815950472016332
4.815583270231515
4.8152946721121825
4.815037915842919
4.814821901661022
4.814681741086779
4.814572785739042
4.81447867832025
4.814399935050538
4.814310601841143
4.814212176420231
4.814107271245911
4.81397957341176
4.813900677370627
4.813824947514939
4.8137590561132715
4.813707641407164
4.813675830115007
4.813647638744499
4.81361160696911
4.813584567147307
4.813572319009134
4.813548521916546
4.813539263279583
4.8135328745290105
4.813528435502924
4.813522303943459
4.8135196140764505
4.813517930279767
4.813515959011967
