18.51105435310385
13.399038786401775
9.255931336925453
7.181840071254599
6.417793944388299
6.081862976789691
5.8470254889047695
5.5514662901726775
5.364456323330881
5.173106863972477
4.963642472662983
4.834994963311079
4.765861478680924
4.732443094544493
4.711852034946954
4.698039589908063
4.686319601538549
4.668076658270353
4.653226145205337
4.6422011060048325
4.634984980002616
4.6301562067221065
4.627041963964097
4.624983441284485
4.623435732245169
4.622139299424319
4.620818126921155
4.618957045563119
4.612164043270156
4.610009469301879
4.609066488614291
4.608518685218932
4.608049189496351
4.607407164133963
4.604062956873711
4.603264741888398
4.602831290945812
4.602566474559339
4.602323873151808
4.602092549825261
4.601869246214692
4.601621220048486
4.601460543885164
4.6012993416093835
4.6012119211063505
4.601170311299194
4.601136417921478
4.601082530953399
4.601041137468713
4.600994479042252
4.600937987027993
4.600898751723924
4.60085393428299
4.600804994811143
4.600763140960501
4.600725572301302
4.600700887439538
4.600675918470258
4.600662048058451
4.600658244132345
