11.386280070560613, -4.723612621265334
-5.245487053271288, 0.21646175163989748
-2.242626560789498, 0.9691152171647517
3.0639982369788927, -2.112994727932105
-7.6165911597218185, 4.541646236921697
10.753293545549171, -1.5528358712277002
-1.9532461739426497, -5.460352339122304
9.649866527052993, -7.7473454011940595
1.3846370296817232, -6.3562183989829215
-4.40968607030633, -3.053824653030099
-8.932249853957396, 1.0852772859076898
6.820549960574386, -2.78050853121227
-8.62917226054327, -2.7229229886661357
6.748749250633597, -9.863501808738764
-0.5779468136338158, -10.469863104476609
5.485293492703471, 4.1270454503178255
2.4318504080581973, 6.5960714437882055
1.7577511228426936, 3.219800587119535
-4.8340481307552094, 6.924631382946974
7.23220976051845, 0.665735578636592
-1.235656556056774, 7.637564576121463
-1.1070309807535335, 4.442568001066831
3.194157877550569, -10.813959741583936
-4.096344669420443, -8.856740131635583
4.6410072155296085, -5.400366537632267
0.3739829814812206, -3.2252892565112417
-3.987464283199767, 3.1845823981005905
-2.137429282565782, -1.7114669500989819
-6.900799158225848, -6.183099360962696
3.677978895050618, 0.9137790996362952

