-3.176473374636704, -9.415237885434111
5.3893222687900515, 4.238688774172995
-6.332903584982524, -6.876182724408019
-0.29157831223308855, -3.109822987892398
2.2697405405290976, 6.68044467632018
-8.39698734102957, -3.4208520405170018
-2.3307190693334006, 4.231809560645728
-2.164284574296153, 1.1113007654609612
-5.1687008443623235, 6.74674109595477
-3.8836891806170732, -3.80928141709772
4.578821784749266, -10.598384032818766
0.6842023530562555, 3.988787490737118
-1.2235166268246622, -5.82998684626701
10.845573578044913, -6.041831993924132
7.238025072982707, 0.7910044390564926
-5.214526284722306, -0.7955660372896922
-8.991211921134383, 0.45802843658889003
5.093070905455793, -5.086527528940683
8.194616300287365, -9.001120281171508
2.950749595381985, 2.1476617736483767
-1.4928559934268981, 7.640747320500445
2.078979375898938, -6.3226547853251835
-2.3647397949551037, -1.345651253636116
0.6183111233611489, -10.71621730152402
6.9539460143127885, -2.4442999298366983
-4.66591816510205, 2.2907414358283145
11.078736229688523, -2.2194066460230015
-7.883173260924274, 4.11605195475443
3.803197272856919, -0.3804628576221879
2.4006536408816177, -2.7539118752924567

