-8.198515473738995, -3.912131820926003
-4.864363199386293, -2.1365681041419
7.780691278429432, -0.5685360438267609
3.5681949761565193, -5.9527023722324435
6.295169620833716, -10.032831333296317
-2.906883580498058, -4.801129280134826
-2.0813484700855516, 1.241157930803525
-2.0863099579731457, 7.637502911154871
9.909482490964479, -7.402114722742481
3.5131789313611366, 1.3661732220247633
1.9392112944381652, -10.825130465574643
4.596665469480004, 5.077316225344899
-9.006325738623413, 0.02797294973388165
1.4935395765047776, 7.038135543079754
-0.7782288791881469, -2.928581365898267
0.18308391012211175, -6.249679781358914
11.343209940691464, -3.2611941958403654
-5.554795806859097, 6.521759956308064
-2.327871060845661, -9.828869552344475
-3.629775595420457, 3.5330039458271805
6.581969668033442, 2.098713635673466
1.6717955970010638, 3.345052144323767
-5.870770242402193, -7.365291619552741
-0.9270213126349528, 4.466087548577191
-5.1581979143974594, 0.9904514527057431
-2.508725360587352, -1.0351828582202136
1.778639442644676, -3.0881249400914204
6.245713817407152, -3.8046818139557104
-8.082171161808459, 3.7628456081137407
3.572402927925397, -1.2984717780968404

