2.314541582618404
1.665571443412001
1.450897027528125
1.3335605036898484
1.2478260094313263
1.2175420150819583
1.2120240608266144
1.2087625066100782
1.2065531959990001
1.2046466525342436
1.2032137202874662
1.2020032671254488
1.2008451941094345
1.1998012658072377
1.198726904242659
1.1978113516352094
1.1970136660425295
1.1962063838007642
1.1954674014918119
1.194817950821426
1.1942062421576904
1.1934141300964451
1.1926340962702093
1.1919180505698799
1.1912073622919572
1.1905104402508344
1.1898002495496374
1.1891903380835913
1.1886185501395605
1.1881054856894455
1.187514264823884
1.18686755665491
1.1862287291016742
1.1856795138308178
1.1851696270740133
1.1846091947918553
1.1840265971977295
1.1835949111046546
1.1833032399107863
1.182979374419562
1.1825783784726533
1.1822194082208648
1.1818331357881222
1.1815455399253165
1.1812308323629301
1.1808872601314848
1.1805339936143449
1.1801881130992569
1.1798539193835675
1.1796112475886347
1.1793112460381425
1.1790739622507436
1.1788030886812422
1.1785137814583675
1.1782517926093834
1.1780206630869376
1.1777923848763476
1.177632052693423
1.177424680707742
1.1771961731139855
1.1769594817831224
1.1767272572919947
1.1764956681096352
1.1762415104183106
1.176047029952086
1.1758755946608153
1.1756977905081676
1.175542993104179
1.1754121909322939
1.1752779240956626
1.175161937608609
1.175077103439054
1.1749848482181011
1.1748902691604894
1.1747633458308242
1.1746961708862242
1.1746178231901445
1.1745186605735696
1.174413785179918
1.1743137453160888
1.174271642078612
1.1741933408145624
1.1741071157653515
1.1740150712678907
1.1739354304294012
1.1738620021987114
1.1737790793687608
1.173716426541648
1.1736255933743995
1.173534609811333
1.1734342570926557
1.1733381777041143
1.1732891469177003
1.1732606786712203
1.1732334967238347
1.173190185697244
1.1731463076627557
1.1730983520371576
1.1730505103419664
1.1730082793218177
1.1729696566078605
1.1729190130281353
1.1728736658741752
1.1728370333884985
1.1728050828779701
1.172787218650554
1.1727566527081152
1.172721459517968
1.1726980523428976
1.1726509556080729
1.1726256605073186
1.1725903590180848
1.172547329946715
1.17249212225262
1.1724275441008554
1.1723601191499289
1.1723028103056885
1.1722431199275674
1.1722003533517313
1.1721850283336996
1.1721545065893229
1.1721291085317533
1.1720999821386375
1.1720749561551576
1.1720613086899359
1.1720371350577063
1.1720050242570528
1.1719825815126157
1.1719414152487073
1.1719032421478575
1.1718888326399046
1.1718451525031748
1.1718074055504824
1.1717935384363054
1.1717860224584176
1.1717652232550029
1.1717465295789
1.17174178294135
