2.3180621674791335
1.7790493215508858
1.602643277139137
1.4800088412013366
1.4074155216641966
1.3821425904070268
1.3654789343435785
1.3535732793841186
1.344541357275641
1.3371475710698377
1.3313346509715185
1.3265413162288064
1.3227072740705814
1.3194689770887074
1.3170503475419588
1.3148731250958305
1.3128790886316002
1.3113265492689228
1.3099548459713637
1.3086018344639456
1.3074793608579318
1.3064381688411428
1.3055905735093694
1.304879900894625
1.3041678894360105
1.303670836721378
1.30326134375606
1.3029123175004138
1.302596535372125
1.3022110217609089
1.301913024959758
1.3016361321307854
1.3013563170406268
1.3010120993320657
1.3006177666698016
1.3003073862133971
1.3000509282355575
1.2998210858962103
1.2996123919299416
1.2994165886494458
1.2991940160121351
1.2990185958508356
1.2988503702656318
1.2986062978702533
1.298372974037309
1.2980827501314607
1.297814257579152
1.2975742604184082
1.2973915009433707
1.2971915298537127
1.2970040125835445
1.2968303422868743
1.2966640225654653
1.2965418304851737
1.296392882787009
1.2963189692248873
1.2962730964437947
1.296215783928207
1.2961474229338206
1.2960781887016435
1.2960002799656558
1.295918967996609
1.2958279092879226
1.2957798973562071
1.2957207459436992
1.2956864765092366
1.2956569765336565
1.2956138328131215
1.295587056254022
1.2955674715716428
1.2955437985556817
1.2955314131136755
1.29551145912351
1.29547738053148
1.2954533964970907
1.29541607817875
1.295370141704194
1.2953357272241295
1.2953170816320458
1.2952817483624381
1.295250738358587
1.2952287398073905
1.295200702574871
1.2951801296457601
1.295163268380726
1.2951525525352776
1.2951461586732873
1.2951284199469613
1.2951275094195709
1.2951268385539285
1.2951236799987578
1.295120516744226
1.2951175022319397
1.295108398940481
1.2950993705645297
1.295091014725615
1.2950765159073752
1.2950680582404523
1.2950553415204535
1.2950481765631228
1.295036540898512
1.2950317338857056
1.2950306514690544
