2.4595917460320953
1.863344964131634
1.6640990468726224
1.5903055309221161
1.5280494224798864
1.4765932515952254
1.411900821606134
1.3811128390756708
1.349204816758892
1.322154781566049
1.3150813094816558
1.3103611527265928
1.306547184682805
1.3032522633563544
1.3001849383645931
1.2973888282115327
1.2947836838725657
1.2922158595739808
1.2900109258940093
1.288330317837823
1.2866077682177377
1.2851732371959936
1.2836352396496902
1.2822078221275655
1.280778247227841
1.2793819041634829
1.278132626659529
1.2770744019413487
1.2761279962044438
1.275223594571578
1.274491849306077
1.2737922531071422
1.273235988283582
1.2726908142454931
1.272177809954485
1.2716842364774688
1.2711927171831348
1.2707333096834372
1.2702488928609343
1.2696949863117413
1.2692275779498654
1.2688753518428604
1.2685741044438792
1.2682149609019913
1.2678710512217688
1.2675552980643625
1.2672845568508915
1.2670553249334888
1.2667824724797534
1.2664622730062467
1.266174513035962
1.2659121588046656
1.265724030159397
1.2655265104827755
1.2653168829502184
1.265146615054972
1.2650000500367615
1.2648351698520592
1.264641830885474
1.2644869707483246
1.264395898377359
1.26430583755817
1.2642168289042042
1.264108439020246
1.2640179724868597
1.2639014753099305
1.2637790881331017
1.2636562211755435
1.263554489965781
1.263466562473067
1.2633656162000784
1.263274403560297
1.2631754367649612
1.263085273582827
1.2630071151135376
1.262930589898641
1.26284365800207
1.2627431846881019
1.2626528209370698
1.2625508521844166
1.262463937177147
1.2624166249373356
1.2623714589235322
1.2623173793026832
1.2622450329798098
1.262177931906464
1.26212028273979
1.2620767017956405
1.2620294609459008
1.2619655787335105
1.2619040220001054
1.2618646434912906
1.2618424895117513
1.261812946933186
1.2617674566224277
1.2617269002627582
1.2616747832839608
1.2616028650960192
1.2615378338850782
1.2614498033338843
1.2613767224736194
1.2613285272726305
1.261271446214581
1.2612146710729533
1.2611711887256167
1.2611433168538049
1.2611232252263902
1.2611007489299964
1.2610713703643464
1.2610318062657937
1.2610015287865186
1.2609696739221294
1.2609379762372244
1.2609155856296623
1.2608858903780542
1.260859075136643
1.2608264190575202
1.260768489563837
1.2607109317075218
1.2606573415214437
1.2605952595552756
1.2605676046664362
1.260536554945617
1.2605239033814903
1.2605139226368676
1.2605004333865395
1.2604921577154233
1.2604873162927672
