2.240239336830041
1.8167410151659675
1.6719329930806288
1.5572951071087087
1.4401668241661596
1.3472109179856417
1.302602941188983
1.2811546333307693
1.263821230411676
1.2433941480009358
1.2206432887127732
1.2012506067254405
1.1890048559815025
1.1835414478510835
1.1792823695374388
1.1760093388926194
1.1735882290191253
1.1715519086772634
1.1701041707751672
1.1688765324066124
1.167672640094526
1.166774335523346
1.1659363845709285
1.1651266105403062
1.164513953345513
1.1639768594474151
1.163521788940214
1.1630815494715623
1.1627440969800844
1.1624415486905195
1.162226133016757
1.1619790663327065
1.1616672651065527
1.161402021789809
1.1611183094294657
1.160894711762723
1.1607075575324737
1.160527585917624
1.160348894253375
1.1601934270444763
1.1600417975537143
1.1599101871532906
1.159846094444902
1.159797763134043
1.1597495212659512
1.159729635250268
1.1596927741002425
1.1596253447826779
1.1595739482939924
1.15952157098877
1.159482396836462
1.1594415093354264
1.1594050983658342
1.1593604480255182
1.1592976906824628
1.1592541349713055
1.1592324503571858
1.1592132100631107
1.1591974733212003
1.1591889266734632
1.1591830997513222
1.1591713787526974
1.1591621605668347
1.1591581075946387
1.159147136639681
1.1591395461315541
1.1591246045381387
1.1591162903748005
1.1590901760921033
1.1590694025363397
1.1590590707547597
1.15904261431752
1.159027298861578
1.159025692648993
1.1590178875198287
1.159000758723064
1.1589787587970446
1.158957503535885
