1.9631812513464701
1.4376056677746174
1.3485304664638142
1.2896136265475115
1.231797382715822
1.2178743469472006
1.2033705779743138
1.1907139753149165
1.1852331923571269
1.1818287277421364
1.1791186112401781
1.1770514818618871
1.1752821993315934
1.1736814928024175
1.172381753606558
1.1712526599753426
1.170339688311197
1.1694890850592905
1.1686542851136388
1.167824096521591
1.167211307045877
1.1666438348452985
1.16613429810282
1.1656259633517327
1.1650745200706365
1.1646082528372392
1.164209976724238
1.1637898554757338
1.1634081430546466
1.1630439313263414
1.162707862045402
1.1624066554382348
1.1621640997598253
1.1619110928211729
1.161641235302608
1.1614281314679105
1.161240747520442
1.1610547419230999
1.1608454198583311
1.1605728256910743
1.1603185931790272
1.1601095043783802
1.1599302420327058
1.159768385005575
1.1595880583950755
1.1594147372605517
1.1592655023100484
1.1591617010298967
1.1590777171202824
1.158972126128164
1.1588543639132094
1.1587273555031286
1.1585477266440138
1.1583821105123973
1.1582543176252076
1.1581503715339012
1.15808267026579
1.1580083961942769
1.1579223736086948
1.1578154813755606
1.1577287700116587
1.1576483169578127
1.1575925018229987
1.1575278493370218
1.1574564957543585
1.157391329252617
1.1573301473827093
1.1572835586455388
1.1572552749461913
1.157220110358676
1.157167313952696
1.1570984890717266
1.1570508756069755
1.15699429779318
1.1569463577079386
1.1569041277271588
1.1568568282307345
1.1568150043115
1.1567630684234476
1.1566949905249948
1.1566361783742845
1.1566034795100675
1.1565670525250973
1.1565284421457012
1.1564876067048142
1.1564458322673832
1.1564118277325541
1.1563776921168516
1.1563395831432275
1.1562992425509035
1.1562701220294034
1.1562469593695839
1.1562175853376442
1.1562010041488135
1.1561826018627792
1.156155925738863
1.1561445250318019
1.1561396559011812
1.1561357236407575
1.1561335798047014
1.1561318043148643
1.156130188675696
1.15612651939486
1.1561230365776978
