6.593927229192349
3.477752037407036
3.5315892772532242
3.857816304008426
3.174244670076877
3.0001039433833654
2.93509447994784
3.1863780933532513
2.755763151830494
2.7526892187210246
3.525595981293573
3.709478317281603
3.5692558379835835
3.032774125486543
3.3548003339006813
3.2686541807612763
3.0048721663198066
3.567725693003506
3.432222915332597
2.640958874933928
2.5822253821162655
2.5753489754627124
2.586482351331495
2.551082870515362
2.5913307226101656
2.5300613653487147
2.6102304776950005
2.5818241064155925
2.520288336447509
2.574681285907359
