8.351924753820846
3.844256716173982
8.640478407573289
14.789536171194436
11.0239713512371
12.14518309048268
8.920856125453026
2.3371505775531287
2.3728908115577005
2.345193772217902
2.432431665559522
2.7987623381394946
2.5278868383764017
2.467751070555878
2.670137140470505
3.033641155439413
2.296631837336192
2.5466865951923396
2.898599970591277
4.093911105824434
22.78836183852806
2.7989515515646106
2.7554275805310757
4.436228830377972
5.737234727944702
4.176169131987328
8.414261900957964
18.942535399625978
9.525807035300229
3.0535667614040474
