5.732036726547072
3.2256934479361816
2.6057983675912553
2.642187911414028
2.5076806169076242
2.578410976932787
2.615180681836019
2.57824378474952
2.6469077943812453
2.6724922910093345
2.6323516008833585
2.7686078598482293
2.6154757110956997
2.6990350711468722
2.6550144015231463
2.6557520545269218
2.652895092445904
2.637444388154294
2.6932891710598477
2.5935471590559684
2.620742761643609
2.641254103313209
2.581230267056388
2.563375680377157
2.683298021608857
2.62176485352247
2.6787433906423668
2.574975647291533
2.810935308908638
2.6102388576974977
