16.986806877657425
9.54785546056999
2.3573692073286185
2.578176302466472
2.4883606518938994
2.514069830244895
2.5121539610639365
2.4610068129019504
2.4548054226618157
2.505429455871392
2.4889348223302754
2.506237505786056
2.441701839406154
2.4828229078040414
2.4806572368331126
2.4833360322084643
2.4842221656609786
2.4661179065191665
2.509276085966277
2.4898050772875044
2.527051558498122
2.5384579711561144
2.473326366310253
2.4808695369372273
2.466030298230273
2.4831964700515203
2.4653794318079463
2.465403013233557
2.4737079030570475
2.485184500321748
