8.168789378359062
2.9483786919991757
3.671978503781557
6.319119484930316
3.053637593541184
2.623789724290025
2.490778256255625
2.538205215219859
2.6310481101846057
2.5383156217252183
2.4397504125439946
2.6106482252308854
2.4587754686000243
2.4436418605990915
2.464587551130882
2.442069616949106
2.4661931553814824
2.421618342592309
2.442930306536672
2.4222874564133807
2.4582353090193942
2.468499943207316
2.4077970441271175
2.433715087083407
2.418447787136917
2.415513961636325
2.3747762169126627
2.496114203955596
2.4521817598292124
2.436496891588522
