1.8581874240380978
1.472199691369056
1.5107656969064323
1.4901531193055637
1.4622648565520342
1.5570960567962169
1.4758820874923813
1.479394785963209
1.4776653734218739
1.418720546721733
1.4413516804354358
1.3893600064757203
1.3880535444794082
1.397506443446781
1.412304574284562
1.4110757405598555
1.4245745438723318
1.414301128634467
1.4186572535758688
1.4163449274634
1.4113020352478223
1.4093086165869024
1.3950605544290076
1.4001027479963353
1.4002310978010413
1.4005912235340603
1.4037141130601232
1.3990365342017825
1.4019814399176107
1.4005622947743508
