2.524642913616556
1.6203333267946225
1.422410238333315
1.3969547114532355
1.4027745652404402
1.4005051632508634
1.3857488364934785
1.4004758397468429
1.4093286034065993
1.4069156736887216
1.3975650775157744
1.399351260726176
1.3957042819416219
1.3958659716140425
1.3958478952838187
1.4031665379652152
1.4019821614813084
1.3960029099600806
1.4007019445105633
1.4967735850403985
1.4398371973051174
1.4696113020126733
1.4510153483861534
1.4340354890530735
1.4091396645634469
1.394077231445209
1.3893217356618306
1.4035102160516921
1.384656938492384
1.3845907503891406
