3.3717597853942496
2.150247598417905
1.5911612574123697
1.5681883653197541
1.3939573245149026
1.4036594211510345
1.4151928938381806
1.414950617829334
1.4214492246679182
1.4421785283045212
1.395408325234358
1.393227250156873
1.3925383576402728
1.4139722800380046
1.4156689754889782
1.4388223460236342
1.4565336198252967
1.5655594112952544
1.4882368647356616
1.4158040658541005
1.3913484116716994
1.3911172256517514
1.4027356335152856
1.4100804926127606
1.4105366996933055
1.4265625530724397
1.4340918795540538
1.5017774398413017
1.5422614662194736
1.5139732491916509
