2.2571789214295666
1.7363361002564845
1.7173536538174088
1.515329120840235
1.5115765318751575
1.5588449069764077
1.459845112694155
1.4253617850039497
1.3959477718486548
1.3803409635988957
1.38991852653315
1.3941295676026975
1.4043658281945346
1.4116611499219536
1.4246553056368019
1.4309398671228923
1.496709855388055
1.5375526002723774
1.5104216320046846
1.416130857746153
1.3911600454864341
1.3921954371911414
1.3962604421268854
1.4164595753578548
1.4091075449575179
1.422672631266704
1.429146645182724
1.5071079048716385
1.5232297757838191
1.5076555334598616
