2.1945788558823343
1.4403897204495946
1.428463695628655
1.412005559660374
1.4196522901071098
1.4628045149756785
1.4154095305722088
1.400245763843529
1.395358691292892
1.3946502629509876
1.3939212663240894
1.4794185854721544
1.4328646012790824
1.4213411470306263
1.4209278323385293
1.4603516088063329
1.457539450270079
1.4084677546345368
1.4243964727664498
1.4240939627799776
1.4148321075228247
1.4110432627897018
1.4074649594043542
1.4041740840610664
1.516839362427688
1.4636772387453345
1.4943322598849005
1.465373889450989
1.4338108679515824
1.4121386009405432
