6.68491544881276
5.8905405055752835
6.743442755101544
5.934041064041689
5.432074852327096
5.293049749057625
5.333023112963174
5.441410534847455
5.3460947284776275
5.5783735197071005
5.611384735970764
5.647152106631577
5.546064049388613
5.758771274604065
5.486263843396792
5.452216808874048
5.466230340784186
5.420228096204166
6.021755813959773
6.127242886681993
5.569293462660142
5.348841946975126
5.424447438748577
5.403865612912244
5.400160808151614
5.543705922658071
5.55947451465661
5.554966532891905
5.464889425238974
5.401336787807928
