6.17688417058882
6.039870422519507
5.737150776619121
5.310443559274096
5.287719810128503
5.3869600917691285
5.530316383304858
5.445833407650067
5.453582135465723
5.45402672018058
6.0455016737950595
6.085178607213909
6.010607038951697
5.410214113303714
5.3796728823695945
5.4218200545124375
5.361973143297715
5.344151100684525
5.572388178629925
5.564914171110275
5.554966532891905
5.464889425238974
5.401336787807928
5.301973824096447
5.390553623410119
5.394283681608441
5.415349513686886
5.361973143297715
5.344151100684525
5.572388178629925
