6.2154567937805965
5.7559278111222945
5.571030444224001
5.811458204721047
6.119344119361353
6.170930604816696
5.82871054454949
5.806624032089218
5.461889738105127
5.362614854996303
5.422456758407224
5.35391655477981
5.347588907150219
5.558952454754475
5.572012981733306
5.5870719395058535
5.455163484568704
5.460118673249454
5.345789360653678
5.299819541363356
5.299819541363356
5.4029073389162106
5.392230271984241
5.416018911488936
5.454186770430378
5.436114888458282
5.453582135465723
5.45402672018058
6.0455016737950595
6.085178607213909
