6.0247471639141015
5.75749979499059
5.772431780719848
5.709643826309101
5.845080412271773
5.578068798697594
5.394723130325447
5.328816938760029
5.436516733570875
5.362783624610034
5.5599114898854305
5.572012981733306
5.5870719395058535
5.455163484568704
5.460118673249454
5.345789360653678
5.509149785691533
5.5401320090711526
5.460507048514796
5.433035061574445
5.458892703835855
5.383502957191317
6.021755813959773
6.127242886681993
5.569293462660142
5.3153361976452365
5.441387758081525
5.364056439629933
5.425219334913468
5.35391655477981
