6.08325373550841
5.639957849289651
5.4258210645198055
5.449640581754116
5.523190107864776
5.558045161512746
5.46673506893772
5.440273466239782
5.465415843486919
5.420228096204166
6.021755813959773
6.127242886681993
5.569293462660142
5.51839635378918
5.365090196650382
5.425219334913468
5.35391655477981
5.347588907150219
5.558952454754475
5.572012981733306
5.5870719395058535
5.455163484568704
5.460118673249454
5.345789360653678
5.299819541363356
5.299819541363356
5.399205068608531
5.406590949939717
5.360117112891712
5.5376916061909425
