69.8170473705531
73.76062468519493
62.75981857954585
72.09719149207847
68.61061579714915
71.75884231208092
59.59466569443842
77.86490714042752
77.7482052616177
78.27485262722651
63.51246630818634
65.13574025574708
66.50473986722822
67.66570157835898
65.36358157960305
69.07530278820994
74.87597942463296
69.08286217383403
67.59301215914677
73.3222762457934
74.82748279050271
62.89432239404926
74.56230398873447
69.44054124470084
67.21011421148631
69.47322050868816
61.04148583746415
63.734198372650276
69.97768639459296
74.10410362343545
