63.73317366628275
74.01574415657774
67.58883285110979
76.11260986914976
70.55352671585264
64.93837552397486
67.94062047081835
65.24219620685842
66.11328065219519
60.01450976489527
67.18744449991914
67.49741795516131
70.06834919081086
75.47737399559425
61.32156868014055
74.28078054840866
75.99518011929399
66.93938083696483
73.59237134624853
69.35067237427295
66.04589630794372
70.07608318718336
63.90916245708644
66.50473986722822
67.66570157835898
65.36358157960305
69.07530278820994
74.87597942463296
69.08286217383403
67.59301215914677
