61.5253710047294
69.2333259059093
73.80608071496304
69.81299702540628
75.6468824590304
64.37180038020102
74.79089442393706
68.16130497601463
72.90350708986347
65.45326582984312
75.78510233129133
76.61846897435223
73.0118983914415
74.89702205988179
68.54178154339354
68.09357547901202
78.2806506138407
63.51246630818634
65.13574025574708
66.50473986722822
67.66570157835898
65.36358157960305
69.07530278820994
74.87597942463296
69.08286217383403
67.59301215914677
73.3222762457934
74.82748279050271
62.89432239404926
74.56230398873447
