73.25058880896802
63.03452705733017
77.68299054589635
67.26792824921303
73.09350383532218
66.68288701363511
69.57337263141271
67.2548083468125
68.64512890441318
75.8369818759472
71.65829617886897
75.76827525492857
67.86032341533503
73.2067704989107
70.56401959194827
64.90873999196509
65.4653368424998
63.82801577312234
73.5671645743235
66.54881700342754
64.05641947261476
69.53290399805263
75.86919722399152
64.37180038020102
74.79089442393706
68.16130497601463
72.90350708986347
65.45326582984312
75.78510233129133
76.61846897435223
