67.30217515172347
69.42679155033431
71.46107878538514
73.7800105441798
72.326139414822
68.78393219899837
66.76078650668904
77.37688820744192
55.30675488448522
66.02213607162133
74.63938482881247
69.47890402278925
69.10811213044276
70.71932768807729
71.62228239730995
73.7800105441798
72.326139414822
68.78393219899837
66.76078650668904
77.37688820744192
55.30675488448522
66.02213607162133
74.63938482881247
69.47890402278925
69.10811213044276
70.71932768807729
71.62228239730995
73.7800105441798
72.326139414822
68.78393219899837
